8 0.36484375 0.5125 0.028125 0.09140625
8 0.50859375 0.5046875 0.04609375 0.1171875
8 0.48515625 0.43828125 0.0265625 0.0734375
8 0.5046875 0.40625 0.0234375 0.084375
8 0.5421875 0.42265625 0.04609375 0.071875
8 0.5546875 0.41640625 0.053125 0.0703125
8 0.60546875 0.44375 0.03515625 0.0859375
8 0.63125 0.42890625 0.03671875 0.08203125
8 0.7640625 0.44453125 0.0203125 0.10078125
8 0.7296875 0.47265625 0.053125 0.10390625
6 0.5515625 0.3890625 0.02890625 0.06640625
4 0.55 0.3796875 0.05625 0.06875
12 0.3171875 0.471875 0.02421875 0.10546875
12 0.65234375 0.43828125 0.02265625 0.10078125