12 0.05859375 0.41328125 0.025 0.09609375
8 0.25546875 0.55234375 0.06953125 0.109375
8 0.28515625 0.44921875 0.034375 0.0734375
8 0.2921875 0.41328125 0.04296875 0.06640625
8 0.3453125 0.4015625 0.03515625 0.0796875
8 0.38984375 0.40703125 0.03359375 0.06640625
8 0.4109375 0.440625 0.034375 0.07734375
8 0.47578125 0.38671875 0.04921875 0.071875
8 0.578125 0.43828125 0.025 0.07578125
10 0.58125 0.478125 0.00859375 0.01328125
8 0.6 0.43046875 0.025 0.0703125
8 0.59453125 0.3984375 0.01796875 0.06484375
6 0.74609375 0.42109375 0.0296875 0.07578125
4 0.771875 0.41875 0.0546875 0.0703125
12 0.98203125 0.46015625 0.025 0.10546875