10 0.48046875 0.471875 0.0109375 0.01171875
4 0.18515625 0.49765625 0.07265625 0.128125
6 0.215625 0.47578125 0.034375 0.12890625
12 0.8890625 0.68515625 0.0515625 0.20078125
12 0.471875 0.39296875 0.02734375 0.10703125
8 0.87734375 0.44765625 0.0296875 0.10546875
8 0.37421875 0.41171875 0.04453125 0.090625
8 0.41328125 0.38828125 0.06015625 0.0953125
8 0.40390625 0.45859375 0.0390625 0.115625
8 0.459375 0.43828125 0.04453125 0.115625
8 0.48125 0.42265625 0.03359375 0.09375
8 0.5984375 0.39375 0.040625 0.09140625
8 0.58125 0.5015625 0.05625 0.13671875