8 0.8328125 0.578125 0.0546875 0.11328125
8 0.796875 0.48984375 0.05546875 0.0859375
8 0.55703125 0.58984375 0.05859375 0.09375
8 0.43046875 0.56875 0.0625 0.10390625
8 0.33671875 0.51640625 0.05 0.1078125
8 0.4015625 0.503125 0.05234375 0.08828125
8 0.48671875 0.4515625 0.02578125 0.06953125
8 0.50859375 0.51015625 0.04765625 0.0984375
8 0.48203125 0.53203125 0.02734375 0.0859375
12 0.43046875 0.45859375 0.03671875 0.08203125
6 0.24296875 0.5625 0.04375 0.11015625
4 0.1578125 0.565625 0.06953125 0.125