8 0.33515625 0.63046875 0.0234375 0.10546875
8 0.40546875 0.653125 0.02578125 0.109375
8 0.48203125 0.65078125 0.0640625 0.11171875
8 0.50546875 0.54453125 0.03828125 0.08828125
8 0.53203125 0.5625 0.0359375 0.07734375
8 0.55390625 0.5546875 0.01875 0.0890625
8 0.609375 0.6015625 0.03046875 0.10859375
8 0.71953125 0.5828125 0.0484375 0.09453125
8 0.640625 0.559375 0.0296875 0.08828125
12 0.66328125 0.5796875 0.0234375 0.10546875
6 0.565625 0.5390625 0.03125 0.0671875
4 0.56953125 0.52734375 0.05859375 0.06953125