12 0.134375 0.353125 0.03671875 0.14921875
6 0.2828125 0.3046875 0.0640625 0.09453125
4 0.25 0.27734375 0.07578125 0.12265625
8 0.3671875 0.253125 0.05859375 0.1171875
8 0.46875 0.34921875 0.08359375 0.14375
8 0.53203125 0.5859375 0.065625 0.18203125
8 0.52421875 0.21015625 0.0671875 0.09921875
8 0.659375 0.2625 0.06484375 0.12578125
8 0.85 0.40390625 0.07890625 0.146875
8 0.82578125 0.18359375 0.02578125 0.09296875
8 0.93046875 0.2328125 0.04609375 0.09765625
8 0.978125 0.2453125 0.04296875 0.11328125