8 0.23203125 0.6078125 0.025 0.1
8 0.28828125 0.65625 0.05390625 0.10546875
8 0.228125 0.509375 0.01953125 0.06953125
8 0.29140625 0.49453125 0.02109375 0.0625
8 0.30859375 0.49375 0.028125 0.07109375
8 0.3859375 0.503125 0.03671875 0.078125
8 0.41328125 0.51796875 0.0296875 0.0765625
8 0.54140625 0.5890625 0.04296875 0.09375
8 0.54921875 0.53671875 0.03671875 0.0765625
8 0.58515625 0.515625 0.0203125 0.0765625
6 0.75234375 0.5390625 0.02421875 0.09140625
4 0.79609375 0.5515625 0.0546875 0.07421875
12 0.88359375 0.5796875 0.02578125 0.0890625
12 0.0375 0.53125 0.02109375 0.10078125