8 0.14375 0.27265625 0.02265625 0.0953125
8 0.27421875 0.21171875 0.0265625 0.075
8 0.42421875 0.2109375 0.0234375 0.0765625
8 0.43984375 0.23828125 0.02578125 0.0796875
8 0.51640625 0.29609375 0.0296875 0.0890625
8 0.51171875 0.2125 0.028125 0.06953125
8 0.534375 0.259375 0.04296875 0.07421875
8 0.5671875 0.21953125 0.03984375 0.0765625
8 0.58203125 0.2515625 0.059375 0.08359375
6 0.83125 0.3046875 0.0234375 0.10859375
4 0.64921875 0.23125 0.05703125 0.07734375
6 0.6375 0.23359375 0.03046875 0.075
8 0.49453125 0.55078125 0.0359375 0.084375
8 0.5234375 0.52265625 0.06484375 0.08125