12 0.20625 0.36875 0.021875 0.07578125
12 0.559375 0.53984375 0.03671875 0.134375
8 0.31015625 0.55859375 0.034375 0.115625
8 0.3625 0.65390625 0.03828125 0.12890625
8 0.45625 0.5109375 0.0328125 0.109375
8 0.4859375 0.49453125 0.0265625 0.11796875
8 0.6203125 0.4796875 0.03515625 0.09765625
8 0.746875 0.53671875 0.06953125 0.12265625
8 0.665625 0.59921875 0.034375 0.11328125
8 0.62890625 0.6078125 0.05234375 0.1140625
8 0.52421875 0.55859375 0.03125 0.103125
6 0.78828125 0.365625 0.0328125 0.07734375
4 0.8078125 0.3625 0.06171875 0.07421875