12 0.0296875 0.46484375 0.01640625 0.10234375
12 0.8390625 0.5234375 0.0265625 0.09765625
8 0.34609375 0.54609375 0.0234375 0.09609375
8 0.3203125 0.5109375 0.03359375 0.09453125
8 0.315625 0.490625 0.0171875 0.06171875
8 0.62265625 0.484375 0.01796875 0.07421875
8 0.6390625 0.4828125 0.021875 0.071875
8 0.65078125 0.50546875 0.02421875 0.0875
8 0.68046875 0.521875 0.03046875 0.0890625
8 0.75234375 0.51640625 0.02421875 0.07890625
8 0.765625 0.51875 0.02265625 0.08203125
6 0.68125 0.48515625 0.03046875 0.06171875
4 0.678125 0.48359375 0.05546875 0.07734375