10 0.76484375 0.5078125 0.00859375 0.01640625
8 0.1625 0.6078125 0.0796875 0.13828125
8 0.36796875 0.48125 0.040625 0.084375
8 0.4265625 0.5265625 0.0640625 0.08671875
8 0.4171875 0.48125 0.0453125 0.0796875
8 0.4953125 0.48515625 0.0328125 0.07421875
8 0.51171875 0.4921875 0.05859375 0.0859375
8 0.68046875 0.71484375 0.040625 0.13203125
8 0.73515625 0.6015625 0.04375 0.109375
8 0.84453125 0.5546875 0.0765625 0.08046875
8 0.85234375 0.6234375 0.05703125 0.0828125
12 0.93515625 0.86640625 0.05546875 0.18125