8 0.21953125 0.528125 0.028125 0.08828125
8 0.24921875 0.5703125 0.040625 0.0984375
8 0.4875 0.565625 0.0484375 0.09609375
8 0.5265625 0.5546875 0.0578125 0.08515625
8 0.60234375 0.4609375 0.025 0.07890625
8 0.38046875 0.471875 0.021875 0.0765625
8 0.41015625 0.465625 0.025 0.08828125
8 0.6484375 0.4921875 0.02734375 0.0890625
8 0.43671875 0.51171875 0.02734375 0.06953125
8 0.4609375 0.4828125 0.0171875 0.03125
12 0.33125 0.4203125 0.0296875 0.071875
12 0.45703125 0.51171875 0.03515625 0.07421875
6 0.93828125 0.4078125 0.02890625 0.0671875
4 0.9703125 0.4078125 0.053125 0.071875