8 0.0796875 0.66953125 0.0875 0.14375
8 0.26171875 0.57890625 0.03671875 0.12890625
8 0.48203125 0.5625 0.0484375 0.10078125
8 0.4890625 0.47578125 0.0328125 0.078125
8 0.5859375 0.46640625 0.040625 0.0796875
8 0.6046875 0.46484375 0.03671875 0.0890625
8 0.64765625 0.44296875 0.04140625 0.09375
8 0.69296875 0.4390625 0.02890625 0.08125
8 0.7546875 0.4515625 0.02421875 0.09296875
12 0.4171875 0.48203125 0.0296875 0.10234375
4 0.78828125 0.43125 0.046875 0.075
6 0.76171875 0.4125 0.01953125 0.07890625