10 0.29609375 0.5734375 0.00859375 0.009375
8 0.36640625 0.53671875 0.06171875 0.08359375
8 0.4046875 0.56171875 0.053125 0.08515625
8 0.41484375 0.6609375 0.08671875 0.11171875
8 0.5515625 0.63046875 0.071875 0.09140625
8 0.61328125 0.62734375 0.06484375 0.10078125
8 0.5515625 0.553125 0.040625 0.06171875
8 0.59140625 0.52890625 0.03515625 0.08046875
8 0.61328125 0.5609375 0.0328125 0.07578125
8 0.59921875 0.6078125 0.04375 0.06328125
12 0.78515625 0.89140625 0.084375 0.16484375
12 0.8546875 0.4921875 0.03125 0.0859375
8 0.97109375 0.55546875 0.04140625 0.11484375