8 0.24765625 0.45703125 0.05546875 0.0984375
8 0.3734375 0.6296875 0.04140625 0.15390625
8 0.49609375 0.5375 0.05859375 0.11171875
8 0.58125 0.55703125 0.06484375 0.12734375
8 0.59453125 0.60390625 0.05703125 0.1203125
8 0.7140625 0.6171875 0.05390625 0.1203125
8 0.81328125 0.72578125 0.09296875 0.15625
8 0.48359375 0.76171875 0.05703125 0.2078125
8 0.5203125 0.78046875 0.05703125 0.17890625
8 0.54375 0.83515625 0.04609375 0.0671875
8 0.03671875 0.9328125 0.065625 0.1265625
12 0.465625 0.4484375 0.025 0.10703125