12 0.02890625 0.525 0.03046875 0.1078125
12 0.81484375 0.76640625 0.03515625 0.15390625
8 0.0390625 0.69765625 0.0734375 0.11171875
8 0.0734375 0.63203125 0.0859375 0.12109375
8 0.3234375 0.571875 0.03515625 0.07578125
8 0.459375 0.57265625 0.02578125 0.07578125
8 0.4828125 0.590625 0.04921875 0.0828125
8 0.59609375 0.6265625 0.03046875 0.0765625
8 0.609375 0.66796875 0.0296875 0.08203125
8 0.73515625 0.66015625 0.0265625 0.09296875
8 0.70546875 0.61328125 0.02421875 0.084375
8 0.6796875 0.59921875 0.0609375 0.08515625