8 0.18046875 0.59765625 0.04453125 0.06953125
8 0.23125 0.6875 0.0796875 0.09609375
8 0.23828125 0.59375 0.0453125 0.0734375
8 0.390625 0.64765625 0.05703125 0.08984375
8 0.4578125 0.64609375 0.02890625 0.08828125
8 0.515625 0.5515625 0.03046875 0.07421875
8 0.58046875 0.58359375 0.02578125 0.08671875
8 0.3859375 0.5609375 0.02734375 0.06015625
8 0.40390625 0.54765625 0.02109375 0.0625
8 0.43203125 0.56640625 0.02890625 0.0625
12 0.440625 0.8671875 0.05625 0.15546875
12 0.67734375 0.540625 0.0296875 0.07578125
6 0.7359375 0.57421875 0.034375 0.07109375
4 0.790625 0.57265625 0.0578125 0.07578125