8 0.35703125 0.5765625 0.05625 0.109375
8 0.403125 0.471875 0.02890625 0.08125
8 0.5171875 0.57890625 0.0453125 0.090625
8 0.56875 0.49375 0.01875 0.0734375
8 0.76875 0.51484375 0.03046875 0.08203125
8 0.79765625 0.471875 0.015625 0.0890625
8 0.82890625 0.55859375 0.06015625 0.08828125
8 0.89765625 0.52734375 0.015625 0.08828125
6 0.903125 0.50859375 0.03828125 0.07578125
8 0.59609375 0.45859375 0.03203125 0.0765625
12 0.96484375 0.57578125 0.0296875 0.1015625
12 0.15703125 0.47421875 0.0171875 0.1
4 0.9453125 0.52578125 0.05546875 0.06953125