12 0.31796875 0.378125 0.0203125 0.09296875
12 0.55078125 0.38515625 0.025 0.09140625
8 0.44375 0.34609375 0.02109375 0.0546875
8 0.45390625 0.36953125 0.02890625 0.071875
8 0.5046875 0.45234375 0.0328125 0.10078125
8 0.58828125 0.42890625 0.0234375 0.08828125
8 0.6546875 0.44296875 0.0484375 0.09609375
8 0.5484375 0.53359375 0.03515625 0.1171875
8 0.15625 0.8609375 0.08984375 0.203125
6 0.634375 0.390625 0.0421875 0.08125
4 0.64140625 0.378125 0.0515625 0.06953125
8 0.43046875 0.753125 0.05859375 0.1359375
8 0.36484375 0.825 0.03671875 0.10546875
8 0.5015625 0.71328125 0.0578125 0.1390625
8 0.55859375 0.6703125 0.0328125 0.1265625
8 0.590625 0.68125 0.03046875 0.10234375