8 0.14609375 0.45 0.03203125 0.09609375
8 0.40546875 0.39453125 0.03359375 0.0796875
8 0.44765625 0.33671875 0.040625 0.07109375
8 0.50625 0.359375 0.0453125 0.071875
8 0.575 0.371875 0.02890625 0.071875
8 0.52890625 0.44296875 0.05078125 0.0796875
8 0.75703125 0.57890625 0.03828125 0.11796875
8 0.7296875 0.48984375 0.04921875 0.10859375
8 0.75078125 0.403125 0.05234375 0.07421875
6 0.8484375 0.40703125 0.03828125 0.08671875
4 0.90234375 0.41875 0.059375 0.084375
10 0.49453125 0.409375 0.00625 0.01640625