4 0.19765625 0.50078125 0.06796875 0.12578125
6 0.28828125 0.4828125 0.046875 0.10078125
8 0.34296875 0.47109375 0.0328125 0.11953125
8 0.384375 0.4671875 0.0453125 0.10546875
8 0.4 0.41953125 0.0359375 0.09296875
8 0.51015625 0.46015625 0.04921875 0.1
8 0.52421875 0.4921875 0.04921875 0.1046875
8 0.5984375 0.42578125 0.025 0.10546875
8 0.58828125 0.38671875 0.04140625 0.09296875
8 0.86015625 0.42890625 0.028125 0.09765625
8 0.8984375 0.50390625 0.0703125 0.11328125
12 0.4875 0.4046875 0.021875 0.1