8 0.27421875 0.5703125 0.02265625 0.08125
12 0.03046875 0.521875 0.025 0.09375
8 0.3328125 0.64609375 0.03984375 0.09296875
8 0.459375 0.51171875 0.03203125 0.06953125
8 0.47578125 0.55 0.03671875 0.0765625
8 0.63671875 0.734375 0.05546875 0.10703125
12 0.93203125 0.59375 0.02578125 0.10546875
8 0.63671875 0.5703125 0.03984375 0.0734375
8 0.5578125 0.5015625 0.01171875 0.03515625
8 0.696875 0.53203125 0.040625 0.07578125
8 0.56953125 0.56015625 0.04921875 0.078125
8 0.54140625 0.5390625 0.04296875 0.08515625
6 0.784375 0.51953125 0.03515625 0.078125
4 0.83125 0.5234375 0.0546875 0.07578125