8 0.41875 0.63046875 0.025 0.08359375
8 0.4859375 0.5703125 0.03515625 0.08125
8 0.64375 0.59921875 0.03515625 0.0625
8 0.65546875 0.63515625 0.02734375 0.07734375
8 0.68515625 0.58125 0.02734375 0.08046875
8 0.60625 0.54296875 0.01796875 0.0578125
8 0.7625 0.5609375 0.040625 0.06015625
8 0.84296875 0.56328125 0.01640625 0.059375
8 0.85078125 0.56796875 0.0203125 0.04765625
12 0.565625 0.50234375 0.0171875 0.06171875
12 0.53828125 0.746875 0.025 0.1359375
6 0.6109375 0.52421875 0.021875 0.0546875
4 0.6046875 0.52734375 0.04296875 0.05546875