12 0.25 0.43203125 0.0265625 0.09296875
8 0.41953125 0.496875 0.05625 0.08046875
8 0.4171875 0.44296875 0.0375 0.06015625
8 0.50546875 0.55625 0.0640625 0.1
8 0.55 0.41328125 0.028125 0.084375
8 0.63828125 0.38359375 0.03828125 0.0625
8 0.76328125 0.40078125 0.0375 0.06953125
8 0.74296875 0.45234375 0.0234375 0.078125
8 0.46796875 0.41171875 0.065625 0.071875
8 0.4703125 0.4046875 0.0296875 0.0578125
6 0.9390625 0.43046875 0.0359375 0.09140625
4 0.9828125 0.434375 0.03359375 0.07734375
10 0.365625 0.4390625 0.009375 0.0125