8 0.0140625 0.6046875 0.028125 0.109375
8 0.08203125 0.72890625 0.05234375 0.15546875
8 0.17734375 0.565625 0.0484375 0.08671875
8 0.17109375 0.54296875 0.046875 0.08125
8 0.34296875 0.5796875 0.04296875 0.10078125
8 0.4125 0.4875 0.03046875 0.05234375
8 0.45546875 0.49296875 0.0375 0.06875
8 0.58671875 0.56796875 0.0515625 0.07734375
8 0.61796875 0.565625 0.03359375 0.07734375
8 0.62578125 0.53203125 0.01484375 0.040625
6 0.51953125 0.51328125 0.028125 0.07421875
4 0.51953125 0.51484375 0.05390625 0.0703125
12 0.328125 0.4765625 0.0171875 0.07578125