12 0.0140625 0.50390625 0.02109375 0.1
12 0.96953125 0.5734375 0.0265625 0.11796875
6 0.9171875 0.48359375 0.03203125 0.09140625
4 0.9546875 0.48515625 0.05546875 0.0796875
8 0.63359375 0.49453125 0.05859375 0.0765625
8 0.52421875 0.5875 0.05546875 0.09609375
8 0.490625 0.5390625 0.06484375 0.084375
8 0.48984375 0.50625 0.0296875 0.0859375
8 0.4328125 0.5609375 0.040625 0.08828125
8 0.4046875 0.5078125 0.0515625 0.07890625
8 0.33984375 0.546875 0.0640625 0.07890625
8 0.29453125 0.503125 0.04609375 0.09296875
8 0.265625 0.534375 0.0515625 0.0859375