8 0.15546875 0.3734375 0.05625 0.07890625
8 0.26875 0.5234375 0.0796875 0.12265625
8 0.2796875 0.47421875 0.0375 0.13203125
8 0.2375 0.4765625 0.02890625 0.11484375
8 0.25 0.4140625 0.03359375 0.0984375
8 0.23671875 0.3734375 0.040625 0.07734375
8 0.3953125 0.37734375 0.053125 0.0890625
8 0.5234375 0.3609375 0.05078125 0.0890625
8 0.66484375 0.39140625 0.04609375 0.10390625
8 0.64765625 0.4828125 0.03203125 0.11484375
12 0.24140625 0.33671875 0.01953125 0.0734375
6 0.0875 0.48984375 0.07109375 0.1265625
4 0.02734375 0.50390625 0.0546875 0.13203125