4 0.34140625 0.31875 0.0953125 0.1203125
6 0.37578125 0.30625 0.04921875 0.1484375
8 0.24296875 0.30390625 0.05625 0.12890625
8 0.28203125 0.346875 0.0859375 0.12578125
8 0.3375 0.34609375 0.0515625 0.12109375
8 0.48125 0.34453125 0.06015625 0.1375
8 0.43671875 0.24140625 0.05625 0.11953125
8 0.5203125 0.28125 0.04609375 0.10078125
8 0.57265625 0.25078125 0.046875 0.10078125
8 0.7 0.35078125 0.05078125 0.1390625
8 0.7703125 0.303125 0.04609375 0.11015625
8 0.8046875 0.315625 0.0328125 0.12578125
12 0.5328125 0.4609375 0.05859375 0.23203125
8 0.96015625 0.459375 0.0796875 0.196875