13 0.22890625 0.1125 0.05234375 0.06015625
4 0.7109375 0.440625 0.10546875 0.15703125
6 0.67265625 0.425 0.05546875 0.14140625
12 0.5421875 0.359375 0.0375 0.1484375
8 0.0671875 0.42421875 0.0828125 0.1390625
8 0.33125 0.48984375 0.08828125 0.16328125
8 0.30390625 0.35078125 0.04140625 0.1125
8 0.465625 0.42421875 0.08046875 0.115625
8 0.571875 0.36796875 0.034375 0.11484375
8 0.61953125 0.4109375 0.059375 0.13984375
8 0.60703125 0.33671875 0.0296875 0.06171875
8 0.63125 0.32890625 0.0265625 0.07421875