12 0.58984375 0.56484375 0.053125 0.20078125
4 0.86484375 0.48359375 0.0828125 0.13984375
6 0.8203125 0.4609375 0.03203125 0.13359375
8 0.16328125 0.6046875 0.05625 0.18515625
8 0.2484375 0.434375 0.03359375 0.08125
8 0.40625 0.44609375 0.04375 0.090625
8 0.5671875 0.41796875 0.03671875 0.07109375
8 0.54609375 0.4015625 0.04921875 0.06875
8 0.58984375 0.45390625 0.03203125 0.10234375
8 0.62578125 0.38671875 0.0359375 0.07890625
8 0.68203125 0.44296875 0.0484375 0.1109375
13 0.45 0.21171875 0.04140625 0.03828125