4 0.94296875 0.23359375 0.1140625 0.20078125
12 0.8171875 0.53046875 0.1109375 0.259375
6 0.91953125 0.21796875 0.0640625 0.19453125
8 0.0890625 0.10703125 0.09765625 0.15078125
8 0.2625 0.14453125 0.0890625 0.14921875
8 0.25390625 0.28515625 0.08984375 0.19453125
8 0.76640625 0.240625 0.09921875 0.18671875
8 0.6765625 0.28203125 0.0984375 0.17734375
8 0.61640625 0.4296875 0.0765625 0.2234375
8 0.6421875 0.49609375 0.1390625 0.18515625
8 0.72265625 0.446875 0.0765625 0.2234375
10 0.55390625 0.56328125 0.01640625 0.0234375