13 0.21796875 0.2078125 0.0515625 0.04765625
12 0.578125 0.61875 0.06328125 0.22734375
8 0.13046875 0.67734375 0.10546875 0.196875
8 0.0546875 0.7296875 0.0859375 0.259375
8 0.315625 0.41328125 0.0359375 0.0953125
8 0.3640625 0.48515625 0.075 0.115625
8 0.5375 0.5015625 0.05234375 0.14609375
8 0.575 0.503125 0.02109375 0.046875
8 0.7109375 0.69296875 0.06328125 0.084375
8 0.74921875 0.66171875 0.065625 0.1140625
6 0.6046875 0.459375 0.04140625 0.10546875
4 0.62265625 0.459375 0.07890625 0.12109375