8 0.70390625 0.5109375 0.0859375 0.1390625
8 0.67578125 0.434375 0.06640625 0.11796875
8 0.5171875 0.55234375 0.09453125 0.16953125
8 0.29609375 0.5515625 0.08828125 0.153125
8 0.37890625 0.49609375 0.0640625 0.1609375
8 0.2078125 0.5109375 0.0890625 0.125
8 0.41015625 0.40234375 0.0640625 0.10078125
8 0.45625 0.43125 0.05625 0.1203125
8 0.53359375 0.37578125 0.03203125 0.08828125
8 0.58671875 0.3765625 0.0328125 0.0953125
6 0.32734375 0.43359375 0.03515625 0.1265625
4 0.2859375 0.44921875 0.0890625 0.12421875
12 0.22265625 0.6484375 0.0671875 0.29765625