8 0.45625 0.41796875 0.06796875 0.1171875
8 0.16875 0.48203125 0.03359375 0.13203125
8 0.23984375 0.6171875 0.0625 0.16015625
8 0.30078125 0.5078125 0.040625 0.14453125
8 0.60078125 0.615625 0.121875 0.146875
8 0.61640625 0.51328125 0.0875 0.12265625
8 0.871875 0.63203125 0.1 0.20078125
6 0.27578125 0.4296875 0.0484375 0.12265625
4 0.25703125 0.43671875 0.090625 0.11796875
10 0.4625 0.56953125 0.0125 0.01796875
13 0.9296875 0.15078125 0.05859375 0.05546875
12 0.66953125 0.38046875 0.04609375 0.12265625