6 0.0921875 0.46953125 0.0546875 0.11328125
4 0.03984375 0.478125 0.0796875 0.12265625
13 0.5984375 0.2125 0.0421875 0.0375
8 0.5109375 0.403125 0.04296875 0.07890625
8 0.60234375 0.471875 0.04140625 0.10078125
8 0.61953125 0.40078125 0.0234375 0.06015625
8 0.6390625 0.39140625 0.02578125 0.06484375
8 0.69453125 0.39609375 0.0234375 0.0890625
8 0.73359375 0.44140625 0.0453125 0.1046875
8 0.7703125 0.39140625 0.021875 0.09140625
8 0.8359375 0.4046875 0.04609375 0.0859375
12 0.8 0.5 0.03359375 0.16328125
6 0.98671875 0.49375 0.0265625 0.128125