6 0.31484375 0.30078125 0.05390625 0.13125
4 0.2828125 0.30859375 0.0875 0.1234375
8 0.39921875 0.36015625 0.065625 0.12265625
8 0.46015625 0.36015625 0.05703125 0.121875
8 0.4984375 0.4359375 0.03671875 0.15703125
8 0.51015625 0.378125 0.0375 0.14140625
8 0.55234375 0.3859375 0.0546875 0.14609375
8 0.64296875 0.31796875 0.06796875 0.1296875
8 0.7265625 0.42734375 0.07734375 0.175
8 0.95234375 0.353125 0.07265625 0.12734375
12 0.5390625 0.58828125 0.07890625 0.2546875
13 0.9671875 0.0234375 0.065625 0.04609375