4 0.265625 0.459375 0.08046875 0.10546875
6 0.30078125 0.4453125 0.03359375 0.11015625
12 0.3421875 0.5375 0.046875 0.171875
8 0.3640625 0.4265625 0.05234375 0.08828125
8 0.496875 0.41015625 0.05234375 0.06484375
8 0.5421875 0.41875 0.0328125 0.059375
8 0.57265625 0.4171875 0.03984375 0.07421875
8 0.7015625 0.41953125 0.03046875 0.0765625
8 0.7375 0.403125 0.0359375 0.06953125
8 0.77109375 0.42734375 0.03828125 0.090625
8 0.95390625 0.4875 0.03515625 0.13671875
13 0.80703125 0.2125 0.04375 0.0484375