12 0.3984375 0.609375 0.05078125 0.20390625
8 0.32109375 0.53828125 0.06328125 0.11015625
8 0.18828125 0.546875 0.08046875 0.11171875
8 0.13671875 0.565625 0.0421875 0.06875
8 0.1046875 0.56328125 0.025 0.05
8 0.07421875 0.53671875 0.03203125 0.0578125
8 0.4453125 0.46953125 0.03828125 0.10078125
8 0.51328125 0.4609375 0.0328125 0.11015625
8 0.83046875 0.5375 0.028125 0.1578125
6 0.4015625 0.4515625 0.03671875 0.10234375
4 0.4 0.4515625 0.071875 0.09765625
13 0.96953125 0.2125 0.05625 0.05078125