8 0.015625 0.37578125 0.03125 0.1421875
8 0.36796875 0.453125 0.03671875 0.20625
8 0.4140625 0.36328125 0.05234375 0.1359375
8 0.434375 0.3140625 0.07421875 0.11796875
8 0.5359375 0.34921875 0.05390625 0.1265625
8 0.4734375 0.45703125 0.05625 0.1703125
8 0.49140625 0.51953125 0.08828125 0.22109375
8 0.58046875 0.38125 0.0359375 0.14140625
12 0.7953125 0.53671875 0.09140625 0.28359375
10 0.75625 0.40859375 0.0171875 0.0171875
6 0.79140625 0.33984375 0.0921875 0.1421875
4 0.87109375 0.3484375 0.10546875 0.1640625
13 0.3765625 0.01953125 0.04375 0.0390625