6 0.17265625 0.30078125 0.05625 0.12421875
4 0.13359375 0.3109375 0.09453125 0.1375
8 0.184375 0.55390625 0.06015625 0.18046875
8 0.43203125 0.44453125 0.1046875 0.17265625
8 0.4421875 0.384375 0.09921875 0.134375
8 0.53203125 0.5359375 0.0671875 0.20078125
8 0.64765625 0.446875 0.065625 0.1875
8 0.70546875 0.42734375 0.05 0.14375
8 0.78203125 0.37734375 0.06640625 0.15625
8 0.828125 0.43828125 0.08671875 0.20703125
8 0.5546875 0.253125 0.0484375 0.08203125
8 0.62265625 0.24296875 0.0328125 0.09140625
13 0.80390625 0.0234375 0.05625 0.046875