13 0.23984375 0.05859375 0.05078125 0.0546875
12 0.4890625 0.30390625 0.0375 0.1421875
8 0.42734375 0.32109375 0.0484375 0.1046875
8 0.61875 0.5078125 0.05546875 0.23203125
8 0.596875 0.4734375 0.0390625 0.1796875
8 0.5546875 0.4546875 0.0703125 0.16328125
8 0.62734375 0.33984375 0.009375 0.01640625
8 0.66953125 0.3125 0.06015625 0.09609375
8 0.640625 0.39453125 0.03984375 0.13984375
8 0.64140625 0.3234375 0.04765625 0.06015625
6 0.67890625 0.4109375 0.05234375 0.12578125
4 0.7328125 0.38984375 0.096875 0.15625