8 0.1421875 0.4359375 0.0640625 0.1625
8 0.20625 0.3609375 0.0828125 0.1421875
8 0.2625 0.35546875 0.04609375 0.13671875
8 0.3703125 0.3734375 0.08046875 0.15546875
8 0.40390625 0.33125 0.03671875 0.13359375
8 0.43828125 0.33203125 0.03359375 0.15390625
8 0.47890625 0.30625 0.053125 0.11484375
8 0.484375 0.503125 0.1171875 0.18203125
8 0.6515625 0.53203125 0.04609375 0.196875
8 0.60234375 0.34765625 0.08671875 0.115625
8 0.66015625 0.36171875 0.0796875 0.1296875
8 0.7375 0.36953125 0.05 0.13671875
6 0.81328125 0.40625 0.0640625 0.1515625
6 0.8625 0.403125 0.05 0.16015625
4 0.9421875 0.44375 0.115625 0.1921875
12 0.53984375 0.37578125 0.03984375 0.19140625
13 0.38984375 0.0265625 0.0578125 0.05234375
8 0.7296875 0.278125 0.02890625 0.1046875