7 0.20390625 0.4828125 0.0453125 0.1265625
7 0.13984375 0.48828125 0.04453125 0.11484375
7 0.2828125 0.46328125 0.0265625 0.06484375
7 0.28125 0.54140625 0.034375 0.12734375
7 0.31484375 0.58671875 0.040625 0.1546875
7 0.56484375 0.5796875 0.03828125 0.17265625
7 0.62265625 0.51015625 0.0390625 0.1078125
7 0.7359375 0.54921875 0.04375 0.14453125
7 0.79140625 0.50078125 0.0328125 0.0890625
7 0.834375 0.58125 0.040625 0.184375
7 0.92578125 0.49921875 0.0484375 0.1453125
7 0.01328125 0.5578125 0.0265625 0.15