8 0.41875 0.8609375 0.11171875 0.228125
8 0.415625 0.7484375 0.04765625 0.15625
10 0.38515625 0.82265625 0.0140625 0.0203125
6 0.26796875 0.71484375 0.09140625 0.1671875
6 0.34921875 0.8140625 0.06640625 0.12265625
6 0.8234375 0.4515625 0.0265625 0.1109375
4 0.2078125 0.78359375 0.14296875 0.2125
4 0.82265625 0.4546875 0.0828125 0.09609375
12 0.3734375 0.45703125 0.03671875 0.12421875
8 0.3921875 0.659375 0.0453125 0.11796875
8 0.45078125 0.55 0.08125 0.12265625
8 0.4578125 0.621875 0.08046875 0.14609375
8 0.62421875 0.5921875 0.06875 0.1265625
8 0.56484375 0.68359375 0.08046875 0.17734375
8 0.68359375 0.51015625 0.0359375 0.1171875
8 0.7453125 0.61875 0.0375 0.1390625
8 0.78203125 0.67265625 0.06484375 0.16953125
8 0.80625 0.56328125 0.053125 0.1390625
8 0.83984375 0.55 0.05078125 0.12734375
8 0.90234375 0.52734375 0.05625 0.11171875
8 0.93828125 0.4890625 0.05546875 0.1109375