8 0.2765625 0.62890625 0.0390625 0.109375
8 0.434375 0.4984375 0.06953125 0.0984375
8 0.50546875 0.51640625 0.06484375 0.11015625
8 0.59609375 0.57421875 0.04140625 0.125
8 0.72890625 0.4453125 0.0234375 0.0890625
8 0.7390625 0.528125 0.046875 0.11796875
8 0.790625 0.64453125 0.03984375 0.1515625
6 0.3765625 0.6296875 0.05234375 0.13125
6 0.88515625 0.4234375 0.03359375 0.09609375
4 0.38203125 0.659375 0.1 0.171875
4 0.896875 0.4234375 0.0734375 0.08671875
12 0.1890625 0.49453125 0.03828125 0.14140625