8 0.90859375 0.64375 0.06953125 0.11015625
8 0.7625 0.565625 0.0578125 0.08828125
8 0.64296875 0.6125 0.0734375 0.10078125
8 0.53046875 0.60703125 0.0640625 0.10703125
8 0.60390625 0.53125 0.059375 0.078125
8 0.31328125 0.534375 0.03046875 0.0890625
10 0.33671875 0.5609375 0.0078125 0.0140625
8 0.26484375 0.58828125 0.05546875 0.10859375
8 0.2859375 0.5828125 0.0640625 0.09296875
6 0.38828125 0.66328125 0.05625 0.11953125
6 0.7921875 0.4765625 0.02421875 0.08203125
4 0.81640625 0.48046875 0.0578125 0.07265625
4 0.3734375 0.6953125 0.09609375 0.14921875
12 0.2765625 0.503125 0.03671875 0.09609375