4 0.82734375 0.321875 0.0625 0.08359375
4 0.32109375 0.57265625 0.1046875 0.18515625
6 0.33671875 0.5421875 0.05 0.1390625
6 0.80078125 0.3171875 0.0328125 0.0984375
8 0.678125 0.40546875 0.06875 0.10703125
8 0.3125 0.4453125 0.03515625 0.12265625
8 0.14453125 0.47578125 0.028125 0.103125
8 0.11875 0.47265625 0.0328125 0.10234375
8 0.17578125 0.5296875 0.04296875 0.1265625
8 0.6859375 0.671875 0.0640625 0.1765625
8 0.93125 0.575 0.0734375 0.16796875
8 0.38984375 0.56875 0.0703125 0.13671875
12 0.4375 0.60546875 0.0578125 0.196875