8 0.2171875 0.5 0.0390625 0.14453125
8 0.3234375 0.51875 0.06640625 0.1484375
8 0.528125 0.47109375 0.03984375 0.1265625
8 0.64609375 0.428125 0.05859375 0.121875
8 0.73125 0.45625 0.05 0.12734375
8 0.628125 0.55625 0.06875 0.1390625
8 0.6171875 0.540625 0.04609375 0.134375
8 0.3046875 0.4015625 0.04609375 0.1125
12 0.28515625 0.3640625 0.03125 0.125
6 0.92421875 0.42421875 0.0484375 0.12734375
6 0.29765625 0.73125 0.06484375 0.20625
4 0.278125 0.77890625 0.1296875 0.24453125
4 0.9671875 0.42265625 0.065625 0.0984375
10 0.19765625 0.56953125 0.009375 0.01328125