4 0.38359375 0.7734375 0.1171875 0.19453125
4 0.96484375 0.50078125 0.0703125 0.0984375
6 0.92421875 0.50859375 0.0453125 0.0859375
6 0.43203125 0.71875 0.0625 0.14921875
8 0.27578125 0.48515625 0.03671875 0.0859375
12 0.29453125 0.45703125 0.0234375 0.121875
8 0.38515625 0.4671875 0.04921875 0.084375
8 0.42421875 0.45859375 0.0234375 0.0796875
8 0.53671875 0.5375 0.05546875 0.1203125
8 0.4875 0.62578125 0.0703125 0.134375
8 0.83046875 0.5140625 0.03984375 0.10234375
8 0.87421875 0.7921875 0.06015625 0.1765625
8 0.96171875 0.6171875 0.0359375 0.140625
8 0.92421875 0.87265625 0.06953125 0.228125