10 0.70625 0.6859375 0.009375 0.0203125
12 0.36171875 0.37421875 0.03671875 0.12734375
4 0.24375 0.66171875 0.11953125 0.20546875
6 0.35234375 0.63046875 0.0828125 0.1625
8 0.4109375 0.6234375 0.0578125 0.18515625
8 0.60703125 0.53671875 0.0734375 0.13125
8 0.60546875 0.584375 0.06328125 0.11875
8 0.66484375 0.615625 0.10859375 0.1375
8 0.6875 0.55625 0.07734375 0.09609375
8 0.8234375 0.5015625 0.09765625 0.13203125
8 0.79765625 0.4234375 0.0625 0.10078125
8 0.79921875 0.41875 0.02890625 0.0984375
4 0.8171875 0.3578125 0.078125 0.1
6 0.80546875 0.353125 0.034375 0.0953125