4 0.50703125 0.3296875 0.0453125 0.059375
4 0.1328125 0.5640625 0.0921875 0.12734375
6 0.515625 0.32890625 0.02265625 0.06953125
6 0.178125 0.5671875 0.0546875 0.1125
8 0.2125 0.50078125 0.05859375 0.11484375
8 0.24140625 0.6328125 0.07578125 0.10234375
8 0.28203125 0.56171875 0.0625 0.12734375
8 0.3609375 0.525 0.06640625 0.11796875
8 0.4859375 0.471875 0.05625 0.11328125
8 0.53515625 0.73203125 0.040625 0.11171875
8 0.58984375 0.7234375 0.04765625 0.1453125
6 0.70234375 0.77734375 0.09609375 0.16953125