12 0.12421875 0.49609375 0.0375 0.18515625
6 0.19453125 0.65078125 0.07265625 0.171875
6 0.67734375 0.32109375 0.03203125 0.07890625
4 0.12109375 0.65625 0.1265625 0.21640625
4 0.7140625 0.31953125 0.07734375 0.09375
8 0.2296875 0.53671875 0.07578125 0.16015625
8 0.33828125 0.6109375 0.03359375 0.19375
8 0.5140625 0.53515625 0.0640625 0.1625
8 0.6375 0.56484375 0.06796875 0.15859375
8 0.7046875 0.421875 0.03671875 0.13203125
8 0.8296875 0.4796875 0.07890625 0.1296875
8 0.9 0.846875 0.065625 0.30546875
10 0.88828125 0.68828125 0.0140625 0.01796875