12 0.23671875 0.415625 0.03125 0.12265625
4 0.20625 0.690625 0.12265625 0.18515625
4 0.71953125 0.40234375 0.06796875 0.07578125
6 0.24140625 0.65390625 0.040625 0.15390625
6 0.67890625 0.39921875 0.028125 0.0890625
10 0.65546875 0.40234375 0.00546875 0.01171875
8 0.38984375 0.55625 0.0703125 0.1203125
8 0.39609375 0.7625 0.07890625 0.1890625
8 0.4390625 0.6171875 0.0546875 0.13125
8 0.46875 0.575 0.065625 0.11953125
8 0.64140625 0.46015625 0.03984375 0.090625
8 0.6671875 0.5484375 0.06640625 0.1140625
8 0.703125 0.5203125 0.04296875 0.11796875
8 0.73359375 0.61484375 0.08125 0.15078125
8 0.78984375 0.68359375 0.090625 0.16328125
8 0.9078125 0.59453125 0.04609375 0.14609375
8 0.85703125 0.6484375 0.06328125 0.134375
8 0.74453125 0.47421875 0.0515625 0.090625
8 0.8 0.4625 0.03671875 0.1
8 0.8140625 0.50859375 0.0640625 0.10859375
8 0.8546875 0.4390625 0.028125 0.071875
8 0.859375 0.51875 0.05078125 0.09140625