4 0.75234375 0.50234375 0.0703125 0.08203125
4 0.2625 0.76015625 0.115625 0.1671875
10 0.28671875 0.634375 0.0125 0.015625
12 0.39765625 0.503125 0.02734375 0.10234375
8 0.63046875 0.61875 0.04765625 0.11171875
8 0.61796875 0.540625 0.04765625 0.090625
8 0.56640625 0.5328125 0.034375 0.09296875
8 0.54375 0.52265625 0.0390625 0.08359375
8 0.46328125 0.57265625 0.046875 0.15625
8 0.48125 0.56796875 0.04375 0.0984375
8 0.44296875 0.55625 0.02734375 0.09140625
8 0.45625 0.51796875 0.02421875 0.06953125
6 0.32578125 0.7078125 0.04453125 0.1390625
6 0.73671875 0.50625 0.02890625 0.071875