8 0.65546875 0.578125 0.065625 0.1
8 0.675 0.48046875 0.0265625 0.0890625
8 0.3828125 0.6125 0.02734375 0.09140625
8 0.4046875 0.54921875 0.03046875 0.09296875
8 0.41875 0.58984375 0.034375 0.11484375
8 0.4671875 0.56015625 0.01640625 0.05703125
8 0.48359375 0.53828125 0.01796875 0.04765625
8 0.48515625 0.6 0.03203125 0.1203125
6 0.45625 0.628125 0.03203125 0.1203125
6 0.90078125 0.47109375 0.02734375 0.0640625
4 0.890625 0.4609375 0.06171875 0.07578125
4 0.46171875 0.6421875 0.08984375 0.1359375