4 0.65703125 0.21484375 0.0671875 0.0953125
4 0.096875 0.54765625 0.13125 0.20546875
12 0.03046875 0.421875 0.03671875 0.19921875
8 0.30546875 0.4734375 0.09140625 0.1609375
8 0.33125 0.46640625 0.040625 0.1703125
8 0.384375 0.446875 0.078125 0.14921875
8 0.52265625 0.31171875 0.06796875 0.11796875
8 0.6546875 0.8203125 0.13984375 0.18515625
8 0.8015625 0.440625 0.0453125 0.165625
8 0.81328125 0.55 0.0453125 0.1859375
8 0.9453125 0.73125 0.109375 0.24375
6 0.66015625 0.21328125 0.04375 0.10625
6 0.15546875 0.546875 0.103125 0.14375