4 0.3828125 0.38203125 0.0640625 0.07421875
6 0.39765625 0.38046875 0.0265625 0.08671875
8 0.30078125 0.60625 0.040625 0.11484375
8 0.33125 0.515625 0.0578125 0.0953125
8 0.5484375 0.5453125 0.06796875 0.121875
10 0.6046875 0.70234375 0.01015625 0.01328125
12 0.29921875 0.41640625 0.03203125 0.10546875
8 0.64609375 0.46015625 0.04453125 0.090625
8 0.7234375 0.53515625 0.0359375 0.11328125
8 0.6859375 0.5015625 0.04296875 0.1109375
8 0.62578125 0.540625 0.03125 0.1
8 0.6359375 0.55625 0.1 0.071875