12 0.57734375 0.51875 0.0296875 0.10234375
8 0.4390625 0.5453125 0.03515625 0.0765625
8 0.4796875 0.56328125 0.03359375 0.078125
8 0.4890625 0.66796875 0.0484375 0.1140625
8 0.69609375 0.64609375 0.0328125 0.12421875
8 0.73203125 0.5890625 0.0421875 0.09140625
8 0.79453125 0.64140625 0.04296875 0.11015625
8 0.9046875 0.60234375 0.03203125 0.10234375
6 0.96484375 0.59140625 0.04765625 0.10546875
6 0.44609375 0.81484375 0.05234375 0.15625
4 0.4375 0.8421875 0.11875 0.18515625
4 0.9859375 0.5875 0.028125 0.08046875