4 0.40390625 0.4328125 0.07109375 0.084375
6 0.3984375 0.43203125 0.03984375 0.0953125
12 0.23671875 0.415625 0.0296875 0.10078125
8 0.146875 0.7 0.0484375 0.203125
8 0.34140625 0.603125 0.0328125 0.12890625
8 0.34375 0.734375 0.05 0.1734375
8 0.51171875 0.7921875 0.06171875 0.20390625
8 0.5875 0.77578125 0.04765625 0.23671875
8 0.49296875 0.51953125 0.0421875 0.13125
8 0.53125 0.50234375 0.03515625 0.1125
8 0.56875 0.5421875 0.0453125 0.14296875
8 0.59609375 0.53671875 0.046875 0.1421875
8 0.57265625 0.46171875 0.05078125 0.08671875
8 0.66328125 0.4328125 0.04765625 0.0984375
8 0.70078125 0.4828125 0.0484375 0.109375
8 0.72734375 0.4921875 0.0421875 0.1078125
8 0.77890625 0.4609375 0.0640625 0.0859375
8 0.77109375 0.503125 0.04296875 0.09375
10 0.753125 0.55703125 0.01171875 0.0203125