8 0.55546875 0.60390625 0.06328125 0.12890625
8 0.44453125 0.54296875 0.07109375 0.14375
8 0.69296875 0.509375 0.03046875 0.13203125
8 0.63359375 0.56796875 0.065625 0.1296875
8 0.5890625 0.51171875 0.03671875 0.11484375
8 0.6296875 0.47265625 0.04921875 0.09296875
8 0.4875 0.46328125 0.03984375 0.09296875
8 0.40390625 0.484375 0.06328125 0.08828125
6 0.41171875 0.63125 0.05625 0.11796875
6 0.896875 0.43359375 0.03515625 0.0796875
6 0.9203125 0.43203125 0.07734375 0.08984375
6 0.40546875 0.66640625 0.1015625 0.17265625
12 0.503125 0.41640625 0.025 0.10546875