12 0.253125 0.4515625 0.04921875 0.10234375
6 0.21796875 0.6171875 0.0484375 0.1125
4 0.14765625 0.64609375 0.09921875 0.16328125
4 0.5859375 0.378125 0.0609375 0.06953125
6 0.5765625 0.384375 0.0296875 0.06875
8 0.309375 0.4484375 0.04921875 0.0859375
8 0.34921875 0.5453125 0.03984375 0.12265625
8 0.40703125 0.50234375 0.03984375 0.0984375
8 0.4390625 0.49609375 0.04296875 0.10703125
8 0.5046875 0.54921875 0.0828125 0.10625
8 0.6171875 0.4828125 0.03984375 0.1046875
8 0.690625 0.75546875 0.0625 0.18984375
8 0.81875 0.83125 0.04453125 0.20859375
8 0.4796875 0.4859375 0.03671875 0.09609375
8 0.5 0.44375 0.0296875 0.1046875