8 0.34375 0.5078125 0.05234375 0.10546875
8 0.44765625 0.49609375 0.02890625 0.1171875
8 0.36171875 0.4609375 0.05234375 0.09296875
8 0.53828125 0.54296875 0.0609375 0.0953125
8 0.94765625 0.54453125 0.0375 0.1
8 0.63125 0.59296875 0.07421875 0.1203125
8 0.58984375 0.525 0.0375 0.14609375
8 0.6078125 0.44609375 0.06796875 0.09765625
10 0.628125 0.55390625 0.01171875 0.01875
6 0.79296875 0.42734375 0.03359375 0.071875
6 0.38203125 0.63125 0.053125 0.13671875
4 0.325 0.66640625 0.09921875 0.16953125
6 0.80390625 0.42265625 0.06796875 0.0796875
12 0.228125 0.503125 0.0328125 0.1296875