12 0.5125 0.40234375 0.01875 0.06640625
8 0.33828125 0.446875 0.02890625 0.08125
8 0.40625 0.5203125 0.06015625 0.090625
8 0.440625 0.43671875 0.0234375 0.071875
10 0.425 0.45390625 0.00859375 0.0109375
8 0.43671875 0.48359375 0.0484375 0.02890625
8 0.4734375 0.43828125 0.0234375 0.06953125
8 0.4953125 0.45390625 0.0296875 0.07734375
8 0.5375 0.47578125 0.0390625 0.08046875
8 0.7484375 0.478125 0.01796875 0.08671875
6 0.79375 0.4515625 0.02578125 0.07890625
4 0.821875 0.46015625 0.06171875 0.071875
8 0.96328125 0.55078125 0.07265625 0.11171875
6 0.41328125 0.6265625 0.0375 0.1140625
4 0.384375 0.6703125 0.084375 0.153125