8 0.346875 0.5796875 0.0484375 0.14453125
8 0.37109375 0.42890625 0.0328125 0.09609375
8 0.5765625 0.46796875 0.02890625 0.10234375
8 0.6484375 0.45859375 0.0609375 0.08359375
8 0.6625 0.4578125 0.04140625 0.0953125
8 0.446875 0.4171875 0.02265625 0.09765625
8 0.42890625 0.44375 0.03125 0.0859375
8 0.44375 0.48046875 0.0484375 0.10078125
4 0.44140625 0.37578125 0.06875 0.08359375
6 0.03125 0.69375 0.06171875 0.16953125
12 0.28828125 0.39765625 0.03125 0.125
6 0.4421875 0.3734375 0.02890625 0.04609375