12 0.19140625 0.628125 0.03046875 0.121875
4 0.32890625 0.8203125 0.09921875 0.175
4 0.79765625 0.57578125 0.0671875 0.08359375
6 0.36015625 0.7859375 0.05703125 0.11953125
8 0.78515625 0.58125 0.0296875 0.0734375
8 0.31953125 0.6734375 0.10390625 0.0546875
8 0.3046875 0.62578125 0.0484375 0.10078125
8 0.3625 0.63984375 0.05 0.09609375
8 0.4453125 0.7125 0.12734375 0.0625
8 0.5671875 0.6328125 0.06484375 0.09609375
8 0.45078125 0.61328125 0.0375 0.11015625
8 0.47109375 0.68359375 0.0703125 0.10546875
8 0.52109375 0.69296875 0.06640625 0.096875