12 0.29453125 0.58359375 0.04765625 0.215625
8 0.38203125 0.5390625 0.09140625 0.175
8 0.5078125 0.43125 0.05390625 0.19921875
8 0.5421875 0.39296875 0.0640625 0.10859375
8 0.45 0.69765625 0.046875 0.18984375
8 0.49296875 0.6515625 0.06328125 0.165625
8 0.578125 0.6453125 0.0953125 0.2109375
8 0.7296875 0.48984375 0.08515625 0.15546875
8 0.83828125 0.653125 0.09609375 0.1875
4 0.37421875 0.646875 0.12734375 0.2140625
6 0.41875 0.66796875 0.02890625 0.078125
4 0.98359375 0.3421875 0.0328125 0.09375