4 0.48515625 0.384375 0.0671875 0.07578125
4 0.0109375 0.73125 0.021875 0.17890625
6 0.04375 0.69609375 0.0625 0.1625
6 0.49140625 0.39375 0.0328125 0.0734375
8 0.41875 0.44296875 0.04765625 0.09609375
8 0.1671875 0.63359375 0.06015625 0.16484375
8 0.20625 0.57890625 0.04921875 0.14453125
8 0.27421875 0.578125 0.034375 0.12734375
8 0.5125 0.6265625 0.04140625 0.13203125
8 0.66796875 0.62421875 0.0984375 0.12734375
12 0.0890625 0.50234375 0.040625 0.15859375
8 0.79765625 0.9109375 0.08125 0.15234375
8 0.79921875 0.865625 0.1 0.19609375