12 0.21015625 0.471875 0.0328125 0.109375
8 0.36328125 0.5875 0.04921875 0.08671875
8 0.43828125 0.46015625 0.040625 0.090625
8 0.44609375 0.54296875 0.05234375 0.08203125
6 0.453125 0.74453125 0.0796875 0.14140625
6 0.340625 0.68359375 0.05546875 0.13671875
6 0.76796875 0.4609375 0.028125 0.09375
8 0.22578125 0.709375 0.0640625 0.13125
8 0.51953125 0.64375 0.06640625 0.13359375
8 0.5765625 0.6625 0.07890625 0.1390625
8 0.6390625 0.49296875 0.040625 0.09609375
8 0.69140625 0.471875 0.05 0.084375
8 0.7421875 0.74765625 0.10234375 0.1609375
8 0.86015625 0.70859375 0.05703125 0.14765625
8 0.94140625 0.59921875 0.03984375 0.12265625
8 0.98515625 0.65546875 0.02890625 0.15859375
8 0.83125 0.5140625 0.0515625 0.0984375
8 0.778125 0.56796875 0.02578125 0.1125
8 0.76015625 0.528125 0.03125 0.10859375
4 0.7953125 0.4625 0.0578125 0.06875
4 0.309375 0.72421875 0.0984375 0.18046875