12 0.05625 0.5125 0.0359375 0.15859375
8 0.0828125 0.575 0.07421875 0.14296875
8 0.38828125 0.62421875 0.078125 0.17421875
8 0.48125 0.46953125 0.05078125 0.090625
8 0.48359375 0.42734375 0.01796875 0.04453125
8 0.50625 0.46484375 0.02890625 0.09296875
8 0.53125 0.46796875 0.0296875 0.09296875
8 0.6421875 0.55 0.07265625 0.13671875
8 0.91953125 0.678125 0.08515625 0.15859375
6 0.86953125 0.54453125 0.06015625 0.1109375
4 0.9125 0.53671875 0.10859375 0.11796875
4 0.12421875 0.9109375 0.1640625 0.178125
6 0.16484375 0.8921875 0.06875 0.215625