8 0.31484375 0.42734375 0.0625 0.10703125
8 0.409375 0.4046875 0.04921875 0.07578125
8 0.4453125 0.38125 0.021875 0.0765625
8 0.46171875 0.540625 0.07578125 0.12734375
6 0.35 0.69140625 0.05625 0.16484375
4 0.32578125 0.725 0.121875 0.19921875
8 0.95 0.43125 0.0828125 0.103125
8 0.54375 0.46171875 0.07109375 0.0890625
8 0.57265625 0.45078125 0.0703125 0.0765625
10 0.59609375 0.48828125 0.009375 0.01484375
8 0.71953125 0.42890625 0.04375 0.0984375
8 0.91796875 0.6125 0.08671875 0.16484375
6 0.91484375 0.4375 0.03984375 0.09140625
12 0.55390625 0.3734375 0.0296875 0.0984375