8 0.225 0.5546875 0.05078125 0.12421875
8 0.5984375 0.43984375 0.0875 0.1078125
10 0.87421875 0.6703125 0.009375 0.01640625
8 0.59609375 0.6328125 0.06171875 0.18984375
8 0.48515625 0.69765625 0.07890625 0.14921875
8 0.434375 0.653125 0.0875 0.1390625
8 0.38984375 0.6171875 0.07421875 0.16484375
8 0.35625 0.703125 0.04765625 0.13671875
6 0.746875 0.3625 0.03828125 0.08125
4 0.76328125 0.34921875 0.06640625 0.08203125
4 0.265625 0.61171875 0.103125 0.171875
6 0.31953125 0.59921875 0.04296875 0.15546875