6 0.06484375 0.75546875 0.0546875 0.15546875
4 0.0296875 0.7953125 0.05859375 0.15078125
8 0.3234375 0.58203125 0.03125 0.1078125
8 0.4421875 0.50390625 0.046875 0.0765625
8 0.4390625 0.46953125 0.01796875 0.03984375
8 0.55625 0.50390625 0.04609375 0.0671875
8 0.58671875 0.4625 0.02734375 0.06640625
8 0.5125 0.4609375 0.03671875 0.06015625
8 0.48203125 0.4625 0.02109375 0.0484375
6 0.48828125 0.49140625 0.04296875 0.06015625
8 0.6125 0.46953125 0.01953125 0.07578125
4 0.48984375 0.48046875 0.0609375 0.071875
12 0.6265625 0.50625 0.0265625 0.115625