6 0.653125 0.4671875 0.03046875 0.0671875
6 0.30390625 0.6421875 0.0421875 0.11015625
4 0.26953125 0.6859375 0.08984375 0.14296875
4 0.6765625 0.46171875 0.05390625 0.06796875
12 0.34765625 0.4796875 0.02421875 0.09765625
8 0.31953125 0.58046875 0.040625 0.11328125
8 0.3890625 0.50546875 0.0359375 0.078125
8 0.4109375 0.45625 0.03359375 0.06484375
8 0.4625 0.51328125 0.0484375 0.07421875
8 0.425 0.50234375 0.040625 0.0703125
8 0.53515625 0.50703125 0.04765625 0.06328125
8 0.6015625 0.5078125 0.0375 0.08671875
8 0.5515625 0.4671875 0.025 0.0640625