8 0.54296875 0.365625 0.025 0.0984375
8 0.48515625 0.3796875 0.04609375 0.09609375
8 0.475 0.35390625 0.02578125 0.08671875
8 0.44296875 0.3734375 0.0328125 0.1078125
8 0.19453125 0.45625 0.07109375 0.1109375
8 0.26171875 0.37578125 0.05078125 0.1
8 0.30546875 0.3859375 0.0421875 0.090625
8 0.30390625 0.4671875 0.078125 0.11328125
12 0.2203125 0.34921875 0.03125 0.12734375
4 0.3953125 0.34765625 0.07265625 0.08359375
6 0.3953125 0.35078125 0.0421875 0.08671875
10 0.40234375 0.47265625 0.00703125 0.01875