6 0.24765625 0.6109375 0.04375 0.1359375
6 0.58046875 0.39375 0.025 0.06953125
4 0.57578125 0.38671875 0.05859375 0.06953125
4 0.1359375 0.66171875 0.10703125 0.15859375
12 0.24140625 0.44765625 0.02890625 0.11484375
8 0.4015625 0.565625 0.05234375 0.11328125
8 0.578125 0.53671875 0.065625 0.096875
8 0.54375 0.46640625 0.04375 0.10078125
8 0.4859375 0.5453125 0.03515625 0.109375
8 0.44765625 0.4890625 0.0375 0.09296875
8 0.4296875 0.4703125 0.028125 0.07890625
8 0.38046875 0.48984375 0.04375 0.08125
8 0.378125 0.453125 0.02890625 0.07421875