6 0.17734375 0.34296875 0.03671875 0.0953125
4 0.175 0.346875 0.07578125 0.084375
8 0.08359375 0.42890625 0.06640625 0.103125
8 0.0734375 0.484375 0.04453125 0.13203125
8 0.19140625 0.4890625 0.05625 0.125
8 0.24453125 0.43984375 0.03671875 0.1078125
8 0.353125 0.465625 0.071875 0.10703125
8 0.4984375 0.49140625 0.0515625 0.0953125
8 0.55 0.6375 0.06953125 0.1765625
8 0.55 0.52421875 0.0453125 0.14296875
8 0.5703125 0.5234375 0.04921875 0.1296875
8 0.190625 0.9453125 0.0609375 0.09765625
8 0.53203125 0.94609375 0.06015625 0.1