6 0.16953125 0.63984375 0.06171875 0.165625
6 0.62890625 0.3625 0.03515625 0.08359375
12 0.38515625 0.3375 0.03125 0.11796875
8 0.07578125 0.45625 0.06796875 0.1109375
8 0.4390625 0.50625 0.059375 0.12734375
8 0.44296875 0.434375 0.0296875 0.0859375
8 0.47421875 0.440625 0.0328125 0.12421875
8 0.496875 0.44765625 0.0390625 0.1078125
8 0.55703125 0.37109375 0.0390625 0.07421875
8 0.6 0.43984375 0.0296875 0.128125
8 0.57578125 0.4 0.0484375 0.07578125
4 0.10546875 0.675 0.12265625 0.18515625
4 0.65234375 0.3609375 0.071875 0.08671875