12 0.37421875 0.43359375 0.02109375 0.1203125
10 0.4328125 0.47890625 0.0078125 0.01328125
8 0.32109375 0.5546875 0.046875 0.125
8 0.49296875 0.5546875 0.0546875 0.12265625
8 0.5359375 0.60078125 0.06953125 0.1359375
8 0.68828125 0.50546875 0.0671875 0.1296875
8 0.853125 0.58828125 0.071875 0.13203125
8 0.80234375 0.83359375 0.0609375 0.20859375
8 0.43125 0.471875 0.06640625 0.0859375
8 0.37734375 0.50234375 0.046875 0.0890625
8 0.38828125 0.4609375 0.0265625 0.07890625
6 0.3546875 0.78671875 0.05859375 0.18671875
6 0.9640625 0.5046875 0.05625 0.1125
4 0.31953125 0.83828125 0.14296875 0.22109375
4 0.97578125 0.50234375 0.0484375 0.10703125