12 0.22734375 0.4125 0.0328125 0.115625
4 0.25390625 0.6546875 0.103125 0.17734375
4 0.74296875 0.39140625 0.065625 0.08359375
6 0.29609375 0.6015625 0.04921875 0.1296875
6 0.71640625 0.40078125 0.028125 0.06484375
8 0.3484375 0.48046875 0.028125 0.15546875
8 0.4875 0.515625 0.03671875 0.1046875
8 0.5890625 0.503125 0.05625 0.1109375
8 0.578125 0.421875 0.0328125 0.07890625
8 0.44453125 0.41796875 0.04140625 0.1125
8 0.42890625 0.46484375 0.04921875 0.09921875
8 0.39140625 0.43984375 0.0546875 0.0703125
10 0.378125 0.47421875 0.01171875 0.009375
8 0.40625 0.3984375 0.05 0.07890625