8 0.05546875 0.4984375 0.0546875 0.1390625
8 0.140625 0.47421875 0.03671875 0.12890625
8 0.33515625 0.534375 0.07734375 0.1515625
8 0.51640625 0.55546875 0.07578125 0.14921875
8 0.41015625 0.4828125 0.05 0.128125
8 0.3828125 0.45625 0.05 0.10234375
8 0.41796875 0.41953125 0.05859375 0.08828125
4 0.41640625 0.41640625 0.07578125 0.09140625
6 0.43203125 0.41640625 0.028125 0.084375
8 0.5984375 0.45546875 0.03671875 0.109375
8 0.5296875 0.4296875 0.0515625 0.08515625
8 0.546875 0.41875 0.065625 0.08203125
13 0.4765625 0.18515625 0.1359375 0.11015625
12 0.73125 0.39921875 0.02421875 0.11953125