4 0.50625 0.4109375 0.05703125 0.0734375
6 0.5171875 0.42421875 0.04296875 0.06953125
12 0.13984375 0.475 0.03828125 0.1296875
12 0.6515625 0.384375 0.02265625 0.1078125
8 0.6046875 0.50078125 0.03203125 0.10546875
8 0.240625 0.446875 0.040625 0.08671875
8 0.25234375 0.41640625 0.02890625 0.07734375
8 0.41875 0.40078125 0.028125 0.10234375
8 0.49296875 0.40703125 0.02109375 0.0890625
8 0.50703125 0.3765625 0.0140625 0.053125
8 0.55234375 0.41796875 0.02578125 0.0765625
8 0.53046875 0.4421875 0.0296875 0.08203125
8 0.615625 0.40703125 0.040625 0.08125
8 0.62578125 0.41796875 0.03671875 0.08515625
13 0.5625 0.20703125 0.11796875 0.08671875