8 0.15703125 0.63984375 0.09921875 0.165625
8 0.38984375 0.5703125 0.09921875 0.17578125
8 0.484375 0.796875 0.0953125 0.2359375
8 0.6984375 0.65 0.10078125 0.17109375
8 0.6 0.43046875 0.07109375 0.11953125
8 0.62578125 0.478125 0.06015625 0.1515625
8 0.8671875 0.5078125 0.08203125 0.115625
8 0.90078125 0.44921875 0.0515625 0.1296875
8 0.86953125 0.44296875 0.02421875 0.10234375
12 0.9390625 0.8578125 0.090625 0.284375
12 0.2671875 0.41953125 0.04453125 0.134375
4 0.71171875 0.3984375 0.08515625 0.0953125
6 0.71171875 0.39765625 0.03828125 0.11328125