8 0.03515625 0.553125 0.040625 0.13828125
8 0.02578125 0.4921875 0.0515625 0.11015625
8 0.0421875 0.4609375 0.02421875 0.07578125
8 0.09140625 0.50625 0.03203125 0.12265625
8 0.16875 0.54140625 0.03671875 0.14453125
8 0.22734375 0.60234375 0.03671875 0.17421875
8 0.20859375 0.5671875 0.03671875 0.1359375
8 0.2421875 0.48515625 0.0484375 0.1046875
8 0.3015625 0.49375 0.0515625 0.1203125
8 0.31171875 0.525 0.03359375 0.11796875
8 0.41875 0.5 0.034375 0.1171875
8 0.584375 0.471875 0.0390625 0.1078125
6 0.68828125 0.45390625 0.02578125 0.10078125
4 0.68828125 0.4609375 0.07265625 0.08671875
13 0.753125 0.23359375 0.13515625 0.103125
12 0.20546875 0.471875 0.02890625 0.13125
12 0.84296875 0.46796875 0.02890625 0.1296875