13 0.53984375 0.32890625 0.09921875 0.08359375
8 0.10078125 0.540625 0.021875 0.1046875
8 0.22109375 0.51328125 0.04296875 0.0765625
8 0.3296875 0.578125 0.03671875 0.109375
8 0.525 0.5546875 0.04375 0.096875
8 0.43671875 0.4984375 0.021875 0.08203125
8 0.46328125 0.48828125 0.01796875 0.06640625
8 0.4765625 0.49375 0.025 0.07890625
8 0.6765625 0.51640625 0.04453125 0.078125
8 0.55390625 0.48671875 0.021875 0.05546875
8 0.53671875 0.48671875 0.01484375 0.05078125
6 0.5234375 0.50625 0.02421875 0.04453125
4 0.4984375 0.4984375 0.04765625 0.06875
12 0.11640625 0.55234375 0.02734375 0.11796875
12 0.64453125 0.48515625 0.0203125 0.08828125