6 0.95625 0.553125 0.0265625 0.08203125
4 0.96875 0.55703125 0.06171875 0.06640625
8 0.88984375 0.61484375 0.02421875 0.1140625
8 0.81953125 0.5578125 0.0515625 0.08203125
8 0.5828125 0.5359375 0.046875 0.07578125
8 0.5328125 0.55703125 0.04375 0.08125
8 0.50078125 0.5875 0.0421875 0.0953125
8 0.5125 0.52265625 0.02109375 0.071875
8 0.52265625 0.51328125 0.0234375 0.0671875
8 0.4359375 0.54375 0.03671875 0.084375
8 0.4078125 0.5328125 0.025 0.07421875
8 0.41953125 0.5015625 0.0140625 0.028125
12 0.21484375 0.540625 0.02421875 0.12421875