12 0.6609375 0.825 0.075 0.34921875
8 0.215625 0.50703125 0.07265625 0.165625
8 0.34453125 0.3359375 0.06328125 0.10859375
8 0.3734375 0.36640625 0.065625 0.13125
8 0.42890625 0.37421875 0.0375 0.11796875
8 0.59453125 0.50078125 0.08828125 0.1578125
8 0.71875 0.384375 0.0828125 0.1234375
8 0.80859375 0.55859375 0.07734375 0.203125
8 0.87265625 0.5546875 0.05546875 0.21171875
6 0.6140625 0.25625 0.0265625 0.0859375
4 0.59921875 0.25703125 0.06328125 0.07890625
13 0.65078125 0.06328125 0.11171875 0.0890625