4 0.07265625 0.6 0.08125 0.1734375
6 0.1375 0.57890625 0.040625 0.14453125
12 0.29296875 0.54375 0.04453125 0.09140625
12 0.92109375 0.5234375 0.040625 0.1484375
8 0.4453125 0.50078125 0.053125 0.115625
8 0.66640625 0.45390625 0.02890625 0.09140625
8 0.7875 0.50078125 0.0578125 0.10546875
8 0.7890625 0.45625 0.028125 0.08125
8 0.7609375 0.41640625 0.0359375 0.0734375
8 0.72734375 0.428125 0.01875 0.08671875
8 0.69765625 0.40234375 0.01484375 0.06640625
8 0.67578125 0.41328125 0.0296875 0.06640625
8 0.809375 0.3984375 0.02109375 0.05546875
8 0.8328125 0.41328125 0.025 0.06875
8 0.87421875 0.41328125 0.028125 0.08125