13 0.6375 0.26875 0.0953125 0.07265625
10 0.58671875 0.55859375 0.00859375 0.009375
8 0.69453125 0.5546875 0.06875 0.1171875
12 0.53984375 0.79765625 0.06484375 0.2640625
12 0.0953125 0.4546875 0.02734375 0.09375
8 0.2515625 0.6453125 0.08203125 0.17421875
8 0.31953125 0.58359375 0.0390625 0.12890625
8 0.3515625 0.5078125 0.040625 0.1078125
8 0.565625 0.5359375 0.0734375 0.084375
8 0.4421875 0.51171875 0.04375 0.1
8 0.46171875 0.44453125 0.02265625 0.05546875
8 0.478125 0.50390625 0.03828125 0.1
6 0.59296875 0.43125 0.0234375 0.07421875
4 0.5921875 0.43203125 0.0515625 0.0625