8 0.71640625 0.73046875 0.1734375 0.29296875
8 0.4546875 0.809375 0.18046875 0.30390625
8 0.4171875 0.42578125 0.05703125 0.2140625
8 0.21640625 0.30390625 0.0796875 0.1625
8 0.4328125 0.14921875 0.05625 0.0890625
8 0.31796875 0.24296875 0.0640625 0.15390625
8 0.346875 0.28046875 0.08671875 0.16640625
8 0.93828125 0.2171875 0.07265625 0.1375
8 0.865625 0.1546875 0.034375 0.11484375
8 0.83828125 0.1125 0.03828125 0.09296875
12 0.74921875 0.10546875 0.02421875 0.10546875
12 0.52109375 0.4625 0.06328125 0.26875
6 0.12734375 0.25 0.09609375 0.16328125
4 0.08515625 0.25703125 0.0796875 0.17265625