12 0.78671875 0.67265625 0.06875 0.29921875
12 0.49375 0.25234375 0.02734375 0.084375
8 0.2265625 0.51484375 0.0609375 0.165625
8 0.05625 0.35078125 0.06328125 0.0984375
8 0.14375 0.353125 0.0390625 0.1078125
8 0.175 0.33828125 0.0453125 0.09296875
8 0.571875 0.3109375 0.0328125 0.09765625
8 0.62578125 0.46015625 0.05703125 0.115625
8 0.63671875 0.36171875 0.075 0.08359375
8 0.74296875 0.36640625 0.03515625 0.10234375
13 0.796875 0.0828125 0.08203125 0.06796875
6 0.75546875 0.21796875 0.0203125 0.06015625
4 0.75234375 0.21953125 0.0453125 0.05703125
8 0.925 0.353125 0.0703125 0.11015625
8 0.66796875 0.53125 0.13984375 0.14453125
10 0.60859375 0.59453125 0.00859375 0.01171875