12 0.52109375 0.446875 0.0265625 0.175
8 0.325 0.47890625 0.05234375 0.12421875
8 0.35546875 0.46640625 0.053125 0.11015625
8 0.4171875 0.471875 0.05234375 0.109375
8 0.43828125 0.43203125 0.0359375 0.11328125
8 0.48203125 0.45390625 0.053125 0.1171875
8 0.49609375 0.41796875 0.04296875 0.0984375
8 0.73671875 0.42265625 0.0296875 0.1046875
8 0.75078125 0.478125 0.0359375 0.10859375
8 0.8015625 0.45625 0.06171875 0.11796875
8 0.8609375 0.40859375 0.0359375 0.10078125
8 0.140625 0.4296875 0.0296875 0.09296875
6 0.90859375 0.36875 0.02734375 0.0796875
4 0.93828125 0.37109375 0.0578125 0.06796875
13 0.9703125 0.1953125 0.059375 0.08046875
13 0.01953125 0.44921875 0.03828125 0.10546875