8 0.34296875 0.38046875 0.0390625 0.0765625
8 0.371875 0.37109375 0.02890625 0.0734375
8 0.5078125 0.371875 0.05625 0.08828125
8 0.58515625 0.36484375 0.03125 0.0765625
8 0.6 0.4296875 0.05234375 0.1171875
12 0.659375 0.35546875 0.034375 0.090625
8 0.71953125 0.37109375 0.03203125 0.0890625
8 0.846875 0.471875 0.059375 0.1296875
8 0.95703125 0.409375 0.05390625 0.0859375
8 0.93515625 0.4984375 0.0921875 0.14765625
6 0.36015625 0.47578125 0.04765625 0.12421875
4 0.321875 0.50078125 0.0671875 0.15234375
10 0.31953125 0.40078125 0.00703125 0.0140625