12 0.05078125 0.33359375 0.028125 0.0890625
12 0.53203125 0.47109375 0.04453125 0.11953125
8 0.18671875 0.5203125 0.0640625 0.1390625
8 0.36640625 0.628125 0.053125 0.18984375
8 0.4015625 0.446875 0.0796875 0.09765625
8 0.42109375 0.43671875 0.06328125 0.1046875
8 0.484375 0.475 0.034375 0.115625
8 0.5125 0.46015625 0.03359375 0.1
8 0.5578125 0.40546875 0.021875 0.10859375
8 0.60859375 0.5140625 0.06328125 0.14140625
8 0.6578125 0.503125 0.053125 0.13359375
8 0.66015625 0.415625 0.02421875 0.08125
6 0.68828125 0.28671875 0.01875 0.0578125
4 0.690625 0.2875 0.04296875 0.053125
13 0.73046875 0.16484375 0.07421875 0.0625