8 0.02265625 0.4515625 0.03359375 0.06953125
8 0.19765625 0.503125 0.04140625 0.0859375
8 0.2734375 0.4828125 0.0484375 0.08828125
8 0.29765625 0.57109375 0.02890625 0.12265625
8 0.315625 0.59453125 0.040625 0.14140625
8 0.42265625 0.46015625 0.040625 0.06484375
8 0.49140625 0.59609375 0.040625 0.1125
8 0.63125 0.6015625 0.05625 0.1125
8 0.54765625 0.50703125 0.05234375 0.08203125
8 0.528125 0.48046875 0.025 0.078125
6 0.5609375 0.40625 0.01953125 0.0546875
4 0.56875 0.40703125 0.040625 0.0484375
13 0.60078125 0.29296875 0.0703125 0.0578125
12 0.17890625 0.41796875 0.02109375 0.08125
12 0.67265625 0.68359375 0.0453125 0.19453125