8 0.1125 0.509375 0.05 0.14453125
8 0.1546875 0.61640625 0.065625 0.1875
8 0.39140625 0.4046875 0.06796875 0.11796875
8 0.82109375 0.490625 0.0578125 0.1125
8 0.70625 0.490625 0.0484375 0.128125
8 0.69296875 0.4359375 0.03203125 0.07109375
8 0.6484375 0.54609375 0.071875 0.1375
8 0.609375 0.4796875 0.06328125 0.1109375
8 0.5796875 0.43671875 0.0515625 0.09453125
6 0.5375 0.36796875 0.034375 0.10546875
4 0.53515625 0.36875 0.07421875 0.08828125
13 0.59921875 0.14375 0.134375 0.10625
10 0.6109375 0.62109375 0.00859375 0.0140625
12 0.9390625 0.43671875 0.03046875 0.13671875