6 0.72109375 0.44375 0.025 0.08828125
4 0.75703125 0.446875 0.0734375 0.0796875
13 0.82265625 0.2171875 0.13671875 0.103125
12 0.0875 0.5 0.0328125 0.1609375
8 0.17734375 0.471875 0.02734375 0.1125
8 0.2296875 0.471875 0.03359375 0.10078125
8 0.35859375 0.45234375 0.04296875 0.0890625
8 0.4359375 0.43984375 0.05390625 0.07578125
10 0.46015625 0.46796875 0.00625 0.00703125
8 0.50078125 0.44921875 0.05625 0.08671875
8 0.5203125 0.5140625 0.0640625 0.14375
8 0.60234375 0.5078125 0.07265625 0.11484375
8 0.69296875 0.478125 0.05703125 0.09453125
8 0.77578125 0.4625 0.0265625 0.09609375
8 0.7546875 0.45390625 0.02265625 0.090625