8 0.32734375 0.53203125 0.0203125 0.08125
8 0.3640625 0.52265625 0.02890625 0.071875
8 0.4546875 0.55703125 0.03515625 0.08515625
8 0.51484375 0.5375 0.0328125 0.071875
8 0.7296875 0.49296875 0.01875 0.05703125
8 0.6578125 0.4875 0.02109375 0.0546875
8 0.6296875 0.4828125 0.02734375 0.0546875
8 0.61015625 0.48359375 0.0171875 0.0546875
8 0.503125 0.4890625 0.01328125 0.0578125
8 0.51875 0.4921875 0.0171875 0.0578125
12 0.39453125 0.4765625 0.0140625 0.071875
12 0.69921875 0.5609375 0.02421875 0.1125
13 0.56953125 0.35078125 0.0828125 0.06171875