12 0.97890625 0.68984375 0.0421875 0.17578125
12 0.63046875 0.496875 0.02421875 0.08125
13 0.94453125 0.359375 0.10625 0.07890625
6 0.85078125 0.528125 0.0234375 0.07421875
4 0.89296875 0.5296875 0.06484375 0.0640625
8 0.803125 0.53984375 0.028125 0.07890625
8 0.8234375 0.5296875 0.02265625 0.06640625
8 0.58203125 0.54609375 0.0375 0.09140625
8 0.5703125 0.5296875 0.04296875 0.0578125
8 0.5046875 0.559375 0.03359375 0.07890625
8 0.51328125 0.52578125 0.0203125 0.07421875
8 0.4640625 0.5296875 0.02734375 0.0734375
8 0.40859375 0.584375 0.03828125 0.084375
8 0.3828125 0.571875 0.02109375 0.06953125
8 0.37578125 0.55 0.02265625 0.06875