6 0.2015625 0.59765625 0.04921875 0.14375
4 0.15078125 0.62734375 0.0703125 0.1703125
8 0.36796875 0.4859375 0.04375 0.0890625
8 0.4265625 0.55 0.06171875 0.1078125
8 0.45703125 0.49609375 0.025 0.08125
8 0.46875 0.4671875 0.01875 0.05703125
8 0.48125 0.49296875 0.0234375 0.084375
8 0.49765625 0.475 0.025 0.09296875
8 0.559375 0.4625 0.046875 0.08125
8 0.64453125 0.5078125 0.05859375 0.0953125
8 0.834375 0.4671875 0.0203125 0.078125
8 0.9265625 0.47578125 0.025 0.084375
12 0.725 0.4203125 0.0171875 0.08125
12 0.43984375 0.67734375 0.04140625 0.20703125