12 0.77421875 0.5140625 0.03203125 0.15625
12 0.07734375 0.4921875 0.04453125 0.13203125
8 0.0640625 0.53203125 0.05 0.125
8 0.1171875 0.5828125 0.084375 0.14609375
8 0.17109375 0.50390625 0.028125 0.1109375
8 0.1890625 0.54296875 0.0375 0.11875
8 0.23515625 0.50234375 0.03125 0.1171875
8 0.26875 0.48203125 0.03515625 0.1
8 0.31875 0.503125 0.025 0.10546875
8 0.61015625 0.5171875 0.0234375 0.11484375
8 0.49453125 0.5078125 0.02890625 0.11015625
8 0.459375 0.46015625 0.0359375 0.0859375
8 0.515625 0.43203125 0.0234375 0.0671875
8 0.503125 0.42734375 0.0140625 0.0671875
8 0.4734375 0.425 0.0140625 0.0484375
8 0.6359375 0.41015625 0.01796875 0.0625
8 0.6578125 0.421875 0.01796875 0.0671875