8 0.18828125 0.5875 0.053125 0.0859375
8 0.2296875 0.571875 0.04921875 0.09140625
10 0.27109375 0.59453125 0.009375 0.0140625
8 0.371875 0.60859375 0.03984375 0.11875
8 0.409375 0.51875 0.0359375 0.08671875
8 0.509375 0.53203125 0.0375 0.0984375
8 0.4828125 0.4859375 0.0546875 0.0640625
8 0.53203125 0.50390625 0.01875 0.0765625
8 0.52265625 0.4765625 0.015625 0.0453125
8 0.5640625 0.525 0.04609375 0.1078125
8 0.7421875 0.53828125 0.04296875 0.09140625
6 0.68125 0.4875 0.028125 0.07421875
4 0.70390625 0.490625 0.05546875 0.06640625
13 0.75078125 0.3203125 0.10234375 0.0796875
12 0.81640625 0.6796875 0.04375 0.13828125
12 0.52890625 0.45546875 0.0171875 0.0421875