13 0.54921875 0.10625 0.13125 0.1125
8 0.4171875 0.58046875 0.071875 0.1828125
8 0.440625 0.48203125 0.06640625 0.10234375
8 0.42890625 0.38359375 0.06484375 0.12734375
8 0.490625 0.4203125 0.06484375 0.13515625
8 0.57890625 0.47265625 0.0703125 0.125
8 0.68203125 0.53984375 0.0515625 0.18046875
8 0.72578125 0.4828125 0.053125 0.1375
8 0.7546875 0.42734375 0.0828125 0.11328125
8 0.7375 0.378125 0.03125 0.05546875
12 0.8234375 0.35078125 0.034375 0.1171875
6 0.49296875 0.328125 0.03125 0.1
6 0.4484375 0.28671875 0.0015625 0.0015625
6 0.48359375 0.33359375 0.07265625 0.084375