12 0.58828125 0.46015625 0.025 0.1203125
12 0.284375 0.46796875 0.02734375 0.11796875
13 0.6296875 0.24765625 0.1359375 0.10546875
6 0.56796875 0.48203125 0.0328125 0.07890625
4 0.56953125 0.46953125 0.06953125 0.09296875
8 0.53046875 0.46953125 0.02734375 0.1046875
8 0.53671875 0.50703125 0.0265625 0.11796875
8 0.5578125 0.51953125 0.0375 0.11640625
8 0.6265625 0.46328125 0.0421875 0.1109375
8 0.35234375 0.475 0.03984375 0.10234375
8 0.4109375 0.54921875 0.0578125 0.1296875
8 0.13046875 0.5359375 0.034375 0.12890625
8 0.18515625 0.49375 0.04296875 0.109375
8 0.209375 0.52734375 0.028125 0.13984375
8 0.23203125 0.51171875 0.03359375 0.115625