8 0.946875 0.37734375 0.028125 0.09140625
8 0.86875 0.47421875 0.1015625 0.15625
8 0.73046875 0.46484375 0.0578125 0.13671875
8 0.659375 0.51875 0.0328125 0.1609375
8 0.69453125 0.46484375 0.065625 0.0765625
8 0.62265625 0.45859375 0.05859375 0.14453125
8 0.6390625 0.390625 0.065625 0.1046875
8 0.2453125 0.52578125 0.05546875 0.1578125
8 0.215625 0.42578125 0.06484375 0.13359375
12 0.13515625 0.3640625 0.025 0.134375
12 0.8625 0.60390625 0.04921875 0.265625
6 0.53671875 0.35546875 0.0359375 0.1
4 0.525 0.35390625 0.0765625 0.084375
13 0.584375 0.12109375 0.13515625 0.103125