8 0.2234375 0.59453125 0.04921875 0.13671875
8 0.28046875 0.62734375 0.04375 0.18828125
8 0.33203125 0.521875 0.0578125 0.11171875
8 0.38046875 0.515625 0.0609375 0.11796875
8 0.484375 0.56015625 0.0609375 0.13984375
8 0.53125 0.540625 0.0609375 0.14921875
8 0.6015625 0.49296875 0.03515625 0.10078125
8 0.73125 0.52734375 0.05234375 0.12265625
8 0.71328125 0.6046875 0.0421875 0.12265625
8 0.67421875 0.6078125 0.0671875 0.134375
12 0.44609375 0.5125 0.03671875 0.16796875
6 0.925 0.42578125 0.03828125 0.0890625
13 0.97734375 0.234375 0.0453125 0.09140625
4 0.953125 0.43359375 0.06796875 0.07734375