13 0.76328125 0.30859375 0.09765625 0.07421875
12 0.19453125 0.4953125 0.03515625 0.103125
8 0.21328125 0.4828125 0.021875 0.0734375
8 0.38125 0.45390625 0.03203125 0.06640625
8 0.403125 0.446875 0.01875 0.0578125
8 0.4015625 0.48828125 0.04140625 0.075
8 0.45703125 0.4859375 0.021875 0.08671875
8 0.47734375 0.44453125 0.0296875 0.06953125
8 0.559375 0.5328125 0.05 0.09296875
8 0.62421875 0.49140625 0.04921875 0.07890625
8 0.58203125 0.4515625 0.02734375 0.06015625
8 0.6578125 0.46640625 0.02421875 0.06640625
6 0.69453125 0.45625 0.0234375 0.06484375
4 0.71796875 0.4640625 0.06171875 0.06171875
12 0.78515625 0.4640625 0.021875 0.08671875