12 0.49921875 0.37421875 0.02109375 0.08359375
8 0.4921875 0.44296875 0.02890625 0.10234375
8 0.51328125 0.421875 0.03671875 0.0765625
8 0.5078125 0.50390625 0.03203125 0.11328125
8 0.5234375 0.57421875 0.0328125 0.14296875
8 0.54140625 0.52890625 0.02890625 0.10546875
8 0.56328125 0.525 0.03125 0.1265625
8 0.66875 0.5515625 0.07265625 0.10703125
8 0.6890625 0.52734375 0.04609375 0.109375
8 0.98828125 0.47265625 0.0234375 0.109375
6 0.353125 0.528125 0.06328125 0.1390625
4 0.296875 0.5265625 0.071875 0.146875