12 0.42734375 0.4515625 0.03828125 0.1109375
6 0.82265625 0.34765625 0.02265625 0.071875
4 0.83671875 0.3515625 0.0546875 0.059375
13 0.88515625 0.1875 0.1 0.075
8 0.21796875 0.509375 0.04140625 0.134375
8 0.30078125 0.53515625 0.07578125 0.1578125
8 0.33046875 0.45078125 0.053125 0.0859375
8 0.36640625 0.4453125 0.05390625 0.09375
8 0.4671875 0.4796875 0.04375 0.10390625
8 0.490625 0.46484375 0.04921875 0.0953125
8 0.56328125 0.41953125 0.02578125 0.08828125
8 0.61796875 0.5109375 0.06328125 0.11328125
8 0.6421875 0.49375 0.04921875 0.11484375
8 0.68203125 0.43828125 0.02890625 0.0953125