6 0.04921875 0.4640625 0.0546875 0.12890625
8 0.11015625 0.4703125 0.05703125 0.125
8 0.1640625 0.465625 0.028125 0.10703125
8 0.2421875 0.44140625 0.0375 0.10703125
8 0.28125 0.4984375 0.0328125 0.134375
8 0.3453125 0.478125 0.03046875 0.12265625
8 0.56484375 0.4359375 0.02734375 0.09296875
8 0.53203125 0.42265625 0.04140625 0.1046875
8 0.49921875 0.4265625 0.046875 0.10703125
12 0.66328125 0.39609375 0.015625 0.06953125
6 0.678125 0.39765625 0.0265625 0.084375
4 0.6984375 0.40390625 0.0703125 0.07578125
13 0.7546875 0.19375 0.12421875 0.0953125