4 0.27421875 0.49296875 0.0734375 0.14453125
6 0.3140625 0.4796875 0.0359375 0.1578125
8 0.06328125 0.7140625 0.12578125 0.175
8 0.49609375 0.39375 0.025 0.11484375
8 0.41484375 0.4578125 0.0390625 0.13203125
8 0.65546875 0.5109375 0.0859375 0.16015625
8 0.90703125 0.3546875 0.02578125 0.08359375
8 0.98671875 0.4125 0.0265625 0.09453125
8 0.98359375 0.640625 0.0328125 0.1390625
8 0.88046875 0.33984375 0.02109375 0.07734375
8 0.38046875 0.37890625 0.025 0.09765625
8 0.3921875 0.4109375 0.03046875 0.13984375
12 0.53984375 0.5734375 0.04921875 0.19921875