12 0.4984375 0.5078125 0.040625 0.19453125
4 0.39375 0.50078125 0.071875 0.16171875
6 0.4359375 0.47265625 0.04140625 0.1390625
8 0.44453125 0.359375 0.06796875 0.08125
8 0.45390625 0.34453125 0.02578125 0.075
8 0.46640625 0.3359375 0.0203125 0.07890625
8 0.49921875 0.33203125 0.02734375 0.09375
8 0.52421875 0.3234375 0.03125 0.090625
8 0.64921875 0.46796875 0.06328125 0.125
8 0.528125 0.434375 0.0359375 0.11328125
8 0.8015625 0.33359375 0.04375 0.09375
8 0.8296875 0.4453125 0.04140625 0.1109375