8 0.153125 0.62109375 0.059375 0.165625
8 0.20546875 0.56171875 0.04609375 0.11328125
8 0.265625 0.5296875 0.0375 0.1125
8 0.43671875 0.5859375 0.0546875 0.115625
8 0.33359375 0.55546875 0.078125 0.103125
8 0.296875 0.5375 0.03828125 0.10234375
8 0.32578125 0.4984375 0.04375 0.06640625
8 0.41796875 0.48828125 0.053125 0.09140625
8 0.53828125 0.52265625 0.06796875 0.109375
8 0.76640625 0.5296875 0.04375 0.10546875
4 0.7609375 0.49296875 0.07734375 0.0890625
6 0.71640625 0.4875 0.03203125 0.11015625
13 0.83125 0.23984375 0.153125 0.11953125
10 0.353125 0.62578125 0.00859375 0.0140625
12 0.1921875 0.4734375 0.02890625 0.1171875
12 0.8015625 0.70234375 0.06328125 0.2140625