13 0.7515625 0.16328125 0.1375 0.1078125
12 0.73125 0.39609375 0.028125 0.1203125
12 0.340625 0.4359375 0.0328125 0.1421875
8 0.203125 0.43515625 0.0515625 0.09609375
8 0.29765625 0.43828125 0.0390625 0.11953125
8 0.37109375 0.45859375 0.0328125 0.1203125
8 0.36015625 0.4046875 0.02109375 0.10078125
8 0.40390625 0.4078125 0.025 0.1
8 0.3734375 0.37734375 0.0203125 0.084375
8 0.55703125 0.39296875 0.05 0.0953125
8 0.63359375 0.4515625 0.05625 0.1125
8 0.61875 0.39375 0.05078125 0.07890625
6 0.66640625 0.3984375 0.03828125 0.08828125
4 0.6984375 0.4015625 0.0625 0.08203125