13 0.546875 0.31796875 0.103125 0.08828125
8 0.21171875 0.54296875 0.03984375 0.084375
8 0.29921875 0.55390625 0.0484375 0.08984375
8 0.45390625 0.55390625 0.046875 0.0875
8 0.540625 0.60390625 0.0671875 0.109375
8 0.525 0.55 0.0328125 0.0890625
8 0.49921875 0.50625 0.02109375 0.06953125
8 0.51640625 0.50078125 0.01796875 0.08359375
8 0.53125 0.496875 0.021875 0.053125
8 0.6046875 0.515625 0.0203125 0.08125
8 0.77578125 0.57421875 0.03125 0.103125
12 0.68203125 0.51015625 0.025 0.11015625
4 0.4953125 0.49140625 0.05625 0.06484375
6 0.48984375 0.49140625 0.021875 0.071875