8 0.23359375 0.49453125 0.0328125 0.1
8 0.30390625 0.47109375 0.025 0.07578125
8 0.365625 0.59765625 0.0703125 0.1578125
8 0.4984375 0.5296875 0.0328125 0.11484375
8 0.57890625 0.4875 0.028125 0.090625
8 0.59453125 0.5421875 0.01796875 0.125
8 0.61640625 0.525 0.0375 0.11171875
8 0.64921875 0.5453125 0.03046875 0.109375
8 0.80859375 0.59453125 0.03984375 0.12734375
8 0.8890625 0.5171875 0.04765625 0.09140625
8 0.88046875 0.6171875 0.040625 0.14296875
12 0.71015625 0.5953125 0.0375 0.1765625
12 0.45 0.59453125 0.059375 0.15390625