12 0.16875 0.3953125 0.03125 0.13671875
12 0.53125 0.60234375 0.05390625 0.2359375
13 0.36953125 0.15703125 0.16171875 0.12890625
4 0.28203125 0.42734375 0.059375 0.09140625
8 0.2640625 0.428125 0.0515625 0.12421875
6 0.31875 0.42578125 0.0359375 0.11953125
8 0.35546875 0.44453125 0.05078125 0.12109375
8 0.4265625 0.4359375 0.0578125 0.10703125
8 0.525 0.4890625 0.0671875 0.109375
8 0.62578125 0.44140625 0.0671875 0.1
8 0.69609375 0.44296875 0.06484375 0.08828125
8 0.7375 0.48203125 0.05390625 0.13671875
8 0.50859375 0.5828125 0.034375 0.16640625