4 0.50625 0.43359375 0.034375 0.04609375
6 0.51015625 0.43125 0.01484375 0.0546875
13 0.53828125 0.3296875 0.059375 0.05234375
12 0.1453125 0.91171875 0.0828125 0.1765625
12 0.29140625 0.45625 0.02109375 0.07890625
8 0.11640625 0.54453125 0.03359375 0.09296875
8 0.2015625 0.63828125 0.06484375 0.12734375
8 0.1953125 0.540625 0.05078125 0.090625
8 0.27890625 0.52265625 0.04765625 0.08359375
8 0.39765625 0.496875 0.02265625 0.071875
8 0.5171875 0.6234375 0.06875 0.09296875
8 0.58515625 0.546875 0.0484375 0.08828125
8 0.64921875 0.571875 0.04921875 0.07890625
8 0.63984375 0.6640625 0.0375 0.10703125
8 0.62578125 0.61328125 0.03828125 0.09140625
10 0.61484375 0.6765625 0.00546875 0.009375