4 0.48359375 0.49375 0.06328125 0.06640625
12 0.66171875 0.58125 0.03046875 0.13671875
12 0.21328125 0.4796875 0.01875 0.08828125
8 0.06171875 0.53515625 0.034375 0.08828125
8 0.25703125 0.58515625 0.05703125 0.1
8 0.36875 0.56015625 0.04296875 0.09609375
8 0.39296875 0.503125 0.021875 0.07578125
8 0.26953125 0.4890625 0.0296875 0.0625
8 0.2984375 0.50703125 0.025 0.078125
8 0.28203125 0.4640625 0.01484375 0.03828125
8 0.36015625 0.49375 0.0265625 0.0671875
8 0.3625 0.48359375 0.0328125 0.05703125
13 0.5328125 0.3234375 0.1 0.0765625