13 0.5765625 0.290625 0.07109375 0.04375
8 0.10234375 0.43828125 0.040625 0.08828125
8 0.22890625 0.41171875 0.04296875 0.084375
8 0.3375 0.3984375 0.02109375 0.06015625
8 0.34609375 0.384375 0.0203125 0.05234375
8 0.3640625 0.3859375 0.03046875 0.0484375
12 0.425 0.353125 0.0203125 0.084375
12 0.75546875 0.45859375 0.01953125 0.10703125
4 0.565625 0.3890625 0.03984375 0.05703125
6 0.54375 0.38671875 0.0171875 0.06015625
8 0.4453125 0.375 0.0265625 0.059375
8 0.58671875 0.44296875 0.046875 0.08359375
8 0.515625 0.41796875 0.0296875 0.08203125
8 0.49453125 0.3953125 0.02734375 0.0625
8 0.5125 0.3734375 0.0140625 0.04296875