13 0.709375 0.1703125 0.121875 0.09140625
12 0.76484375 0.57265625 0.04296875 0.2328125
12 0.31328125 0.4515625 0.07265625 0.1671875
8 0.03359375 0.49140625 0.04453125 0.22265625
8 0.1359375 0.42734375 0.0796875 0.165625
8 0.14375 0.42421875 0.0484375 0.125
8 0.2453125 0.5359375 0.05625 0.21640625
8 0.340625 0.39609375 0.03046875 0.10703125
8 0.3875 0.48046875 0.05703125 0.13203125
8 0.35703125 0.48984375 0.07734375 0.146875
8 0.54765625 0.43046875 0.06484375 0.1421875
8 0.59921875 0.53828125 0.06875 0.15625
8 0.640625 0.52578125 0.04609375 0.153125
4 0.67265625 0.34453125 0.075 0.1
6 0.6515625 0.34296875 0.04140625 0.10234375