12 0.09296875 0.315625 0.0390625 0.134375
6 0.19453125 0.47421875 0.05625 0.17734375
4 0.15234375 0.51953125 0.1265625 0.2140625
8 0.2984375 0.31875 0.05390625 0.1
8 0.50859375 0.3609375 0.059375 0.1171875
8 0.48125 0.24609375 0.04609375 0.08359375
8 0.56796875 0.31328125 0.0328125 0.1078125
8 0.5875 0.284375 0.0328125 0.1
8 0.61484375 0.28828125 0.03046875 0.10859375
8 0.653125 0.23359375 0.03359375 0.075
8 0.65625 0.284375 0.05078125 0.08125
8 0.734375 0.27265625 0.03515625 0.0859375
8 0.80859375 0.27890625 0.053125 0.08203125
4 0.98671875 0.178125 0.02578125 0.046875
6 0.9921875 0.178125 0.01484375 0.046875