12 0.7390625 0.4765625 0.034375 0.18203125
8 0.065625 0.4609375 0.03515625 0.1578125
8 0.1234375 0.35546875 0.04609375 0.11015625
8 0.12265625 0.45390625 0.03046875 0.1203125
8 0.259375 0.4 0.04609375 0.1046875
8 0.25625 0.36015625 0.0234375 0.0765625
6 0.315625 0.3640625 0.04453125 0.09296875
4 0.28046875 0.3578125 0.06796875 0.0859375
8 0.36796875 0.35625 0.028125 0.10546875
8 0.38359375 0.38359375 0.03125 0.0953125
8 0.671875 0.4171875 0.075 0.08359375
8 0.67109375 0.36875 0.053125 0.09375
8 0.71953125 0.4203125 0.0359375 0.1046875
13 0.309375 0.18359375 0.12578125 0.07421875