9 0.58125 0.4078125 0.08203125 0.17578125
9 0.55 0.41171875 0.06015625 0.1828125
8 0.4953125 0.37421875 0.06875 0.13203125
8 0.4875 0.47734375 0.059375 0.18515625
8 0.69609375 0.340625 0.0734375 0.125
8 0.80234375 0.42265625 0.07578125 0.13125
8 0.2625 0.3828125 0.07578125 0.1421875
8 0.25 0.58828125 0.09453125 0.21171875
8 0.33828125 0.47890625 0.078125 0.17734375
4 0.159375 0.58515625 0.1484375 0.259375
6 0.20234375 0.56484375 0.07890625 0.1703125
10 0.20625 0.65859375 0.01015625 0.01796875
10 0.38828125 0.6671875 0.09765625 0.31015625
10 0.86796875 0.28203125 0.034375 0.12421875