8 0.1734375 0.55859375 0.075 0.14140625
8 0.32109375 0.5390625 0.03671875 0.13671875
8 0.35703125 0.4875 0.05078125 0.12265625
8 0.465625 0.47265625 0.0484375 0.08828125
8 0.45390625 0.4484375 0.02265625 0.0859375
8 0.53515625 0.503125 0.0609375 0.11484375
10 0.5203125 0.5546875 0.0078125 0.0109375
8 0.58515625 0.56796875 0.053125 0.15078125
8 0.7140625 0.43671875 0.04765625 0.1046875
8 0.79765625 0.4828125 0.05078125 0.14140625
8 0.9546875 0.58203125 0.07734375 0.15390625
6 0.9640625 0.378125 0.0296875 0.1
4 0.975 0.390625 0.05 0.0671875
12 0.5421875 0.4375 0.02578125 0.11015625
12 0.79453125 0.796875 0.06015625 0.28046875
13 0.975 0.25078125 0.05 0.06171875