8 0.18125 0.4609375 0.0359375 0.1171875
8 0.23515625 0.44296875 0.06328125 0.103125
8 0.2234375 0.39375 0.03828125 0.08828125
8 0.3671875 0.46875 0.06953125 0.11953125
8 0.45 0.534375 0.06484375 0.14453125
8 0.72890625 0.54765625 0.075 0.14296875
8 0.76640625 0.4984375 0.07109375 0.1390625
8 0.921875 0.4953125 0.03515625 0.1171875
8 0.78125 0.38671875 0.01875 0.07734375
8 0.83984375 0.390625 0.0328125 0.08125
12 0.77734375 0.7796875 0.065625 0.26640625
12 0.865625 0.35 0.01953125 0.07890625
6 0.3953125 0.5671875 0.04609375 0.14453125
4 0.3828125 0.60546875 0.10390625 0.1921875