8 0.02578125 0.4953125 0.0515625 0.1
8 0.0921875 0.4734375 0.02890625 0.1515625
6 0.1203125 0.484375 0.0484375 0.153125
8 0.16015625 0.484375 0.04375 0.1625
8 0.190625 0.49140625 0.0328125 0.14375
8 0.3171875 0.515625 0.0625 0.14609375
8 0.37265625 0.51953125 0.05078125 0.140625
8 0.434375 0.52109375 0.04453125 0.1671875
8 0.51171875 0.52734375 0.05078125 0.15390625
8 0.55078125 0.54453125 0.0375 0.1484375
8 0.7 0.49375 0.07734375 0.14296875
8 0.7125 0.48984375 0.01640625 0.12890625
12 0.7390625 0.4765625 0.0234375 0.15546875
12 0.77109375 0.47734375 0.03515625 0.15546875
6 0.55 0.41484375 0.05625 0.10703125
6 0.18671875 0.35859375 0.06015625 0.12421875
8 0.5203125 0.409375 0.0265625 0.11796875
8 0.48046875 0.4 0.02734375 0.12734375
8 0.44296875 0.39765625 0.0328125 0.11015625
8 0.4171875 0.39609375 0.03984375 0.09765625
8 0.37421875 0.39375 0.0234375 0.1078125
8 0.34453125 0.38828125 0.01796875 0.10859375
8 0.3578125 0.384375 0.02109375 0.10234375
8 0.31484375 0.38203125 0.0296875 0.1109375
8 0.28359375 0.378125 0.0234375 0.10703125
8 0.259375 0.3703125 0.0265625 0.1125
8 0.0796875 0.36015625 0.02265625 0.090625
4 0.49296875 0.3265625 0.05234375 0.0640625
13 0.5125 0.2078125 0.0875 0.05703125