8 0.440625 0.8375 0.296875 0.30390625
8 0.559375 0.5890625 0.14296875 0.24453125
8 0.3078125 0.4 0.06640625 0.2328125
8 0.39296875 0.3515625 0.10703125 0.19609375
8 0.23203125 0.253125 0.103125 0.18515625
8 0.5546875 0.2078125 0.03515625 0.15078125
8 0.52421875 0.15703125 0.05234375 0.11796875
8 0.56171875 0.09609375 0.0375 0.09140625
8 0.690625 0.13515625 0.05859375 0.11015625
12 0.71796875 0.09765625 0.028125 0.1015625
6 0.20625 0.40703125 0.078125 0.184375
4 0.13046875 0.403125 0.14296875 0.25234375