12 0.8296875 0.57421875 0.03828125 0.1484375
8 0.7 0.53125 0.06875 0.11484375
8 0.55546875 0.48671875 0.0359375 0.10234375
8 0.59296875 0.45390625 0.04140625 0.08671875
8 0.41171875 0.45390625 0.0515625 0.08203125
8 0.271875 0.4625 0.02890625 0.090625
8 0.225 0.4765625 0.0234375 0.1
8 0.159375 0.41796875 0.0390625 0.0859375
8 0.0078125 0.4421875 0.015625 0.0984375
12 0.1515625 0.390625 0.0203125 0.0953125
8 0.54921875 0.415625 0.02421875 0.071875
6 0.5734375 0.42734375 0.03359375 0.071875
4 0.56328125 0.428125 0.05703125 0.06640625
13 0.5890625 0.29765625 0.0953125 0.06171875