13 0.4453125 0.18515625 0.1109375 0.06640625
6 0.43515625 0.34765625 0.03984375 0.08828125
4 0.41953125 0.33671875 0.06015625 0.075
12 0.50546875 0.8296875 0.08125 0.340625
8 0.03828125 0.6171875 0.0765625 0.19375
8 0.05234375 0.51171875 0.06171875 0.15859375
8 0.090625 0.4359375 0.071875 0.10234375
8 0.29765625 0.53984375 0.11015625 0.16484375
8 0.146875 0.653125 0.11171875 0.19453125
8 0.50234375 0.46484375 0.04921875 0.10390625
8 0.55 0.4453125 0.05625 0.1125
8 0.603125 0.440625 0.0453125 0.125