8 0.68515625 0.49296875 0.075 0.1515625
8 0.94609375 0.4046875 0.08515625 0.1421875
8 0.76171875 0.20703125 0.0453125 0.08046875
8 0.3703125 0.19296875 0.046875 0.09453125
8 0.41640625 0.165625 0.0453125 0.07734375
8 0.1375 0.35703125 0.0796875 0.1453125
8 0.1703125 0.51875 0.07890625 0.18671875
8 0.0875 0.4796875 0.10703125 0.14375
10 0.06484375 0.65 0.0109375 0.021875
8 0.053125 0.29140625 0.0640625 0.125
6 0.01953125 0.5234375 0.03828125 0.1328125
4 0.00859375 0.53828125 0.01640625 0.11875
4 0.7890625 0.11484375 0.04375 0.04921875
6 0.78828125 0.1109375 0.0171875 0.06328125
13 0.8078125 0.028125 0.06875 0.04296875