12 0.49296875 0.62734375 0.0734375 0.27265625
12 0.54453125 0.15234375 0.02109375 0.0953125
6 0.0625 0.5125 0.07109375 0.184375
4 0.03125 0.53828125 0.0625 0.23125
4 0.9109375 0.04453125 0.0796875 0.053125
6 0.88046875 0.134375 0.0171875 0.0640625
4 0.88515625 0.13828125 0.046875 0.0578125
8 0.65546875 0.228125 0.05625 0.103125
8 0.2609375 0.1984375 0.05234375 0.0859375
8 0.33671875 0.4859375 0.09609375 0.15390625
8 0.45078125 0.42265625 0.04296875 0.13671875
8 0.7140625 0.60234375 0.0796875 0.22265625
8 0.209375 0.346875 0.0640625 0.13515625
8 0.2390625 0.31796875 0.03046875 0.1484375
8 0.14609375 0.2140625 0.0453125 0.09609375
8 0.3484375 0.1921875 0.05390625 0.090625