8 0.19453125 0.45625 0.02578125 0.0796875
8 0.22421875 0.4671875 0.0375 0.08046875
8 0.2671875 0.534375 0.05546875 0.1234375
8 0.4078125 0.39375 0.028125 0.065625
8 0.39921875 0.4578125 0.034375 0.09296875
8 0.44921875 0.459375 0.03046875 0.0796875
8 0.4640625 0.5359375 0.046875 0.11171875
8 0.56171875 0.48046875 0.05078125 0.08359375
8 0.6015625 0.4671875 0.0453125 0.0859375
8 0.67265625 0.47578125 0.0234375 0.09375
12 0.25625 0.39765625 0.02109375 0.08125
12 0.70390625 0.49140625 0.025 0.1203125
12 0.465625 0.35234375 0.03984375 0.04609375
4 0.484375 0.3734375 0.00234375 0.003125
6 0.4609375 0.3484375 0.021875 0.0453125
6 0.4765625 0.27265625 0.06015625 0.040625