6 0.46171875 0.4046875 0.0390625 0.0640625
13 0.5015625 0.25078125 0.1046875 0.07109375
4 0.478125 0.39921875 0.06484375 0.06875
8 0.18515625 0.43203125 0.034375 0.11796875
8 0.29921875 0.38125 0.04921875 0.08359375
8 0.534375 0.4671875 0.028125 0.09921875
8 0.54609375 0.4 0.025 0.0796875
8 0.5578125 0.39140625 0.02265625 0.07890625
8 0.4203125 0.44921875 0.03203125 0.09140625
8 0.39921875 0.396875 0.03125 0.0890625
8 0.3703125 0.39140625 0.0234375 0.0890625
12 0.3484375 0.35546875 0.02109375 0.0984375
12 0.89609375 0.5046875 0.02421875 0.146875