8 0.18359375 0.51953125 0.0515625 0.1125
8 0.26328125 0.5296875 0.04140625 0.09921875
8 0.41484375 0.47265625 0.025 0.08828125
8 0.6609375 0.5625 0.05078125 0.1125
8 0.6734375 0.540625 0.03515625 0.103125
8 0.6828125 0.478125 0.05703125 0.08125
8 0.6375 0.49140625 0.04609375 0.07421875
8 0.628125 0.47421875 0.040625 0.06484375
8 0.5578125 0.4890625 0.04609375 0.08515625
8 0.56484375 0.48515625 0.03125 0.09140625
6 0.53046875 0.4765625 0.040625 0.071875
4 0.5234375 0.48046875 0.06015625 0.07109375
12 0.3234375 0.46640625 0.0296875 0.103125
12 0.88359375 0.60859375 0.0390625 0.1796875
13 0.54765625 0.33515625 0.10234375 0.0578125