8 0.1078125 0.57890625 0.0421875 0.0984375
8 0.1546875 0.52109375 0.01796875 0.06953125
8 0.20546875 0.52734375 0.0421875 0.06484375
8 0.2625 0.54765625 0.0359375 0.0765625
8 0.37109375 0.5078125 0.0296875 0.07109375
8 0.48828125 0.54609375 0.05078125 0.09609375
8 0.4953125 0.4703125 0.0453125 0.0578125
8 0.559375 0.45703125 0.034375 0.059375
8 0.340625 0.465625 0.03046875 0.05078125
12 0.2078125 0.45546875 0.01484375 0.071875
12 0.6328125 0.5546875 0.0296875 0.1171875
6 0.40703125 0.44921875 0.02109375 0.05703125
4 0.39609375 0.4515625 0.0390625 0.04609375
13 0.40859375 0.36484375 0.06640625 0.04375