8 0.25 0.47109375 0.02890625 0.1234375
8 0.234375 0.4125 0.03515625 0.09609375
8 0.29296875 0.4296875 0.0265625 0.09921875
8 0.6890625 0.409375 0.0484375 0.1046875
8 0.50625 0.40078125 0.0359375 0.06953125
8 0.5875 0.45234375 0.0375 0.096875
8 0.55859375 0.36328125 0.04609375 0.06875
8 0.6328125 0.4015625 0.02890625 0.0796875
8 0.59921875 0.38984375 0.02734375 0.06875
8 0.53203125 0.42109375 0.028125 0.08203125
12 0.70703125 0.3390625 0.01796875 0.08359375
4 0.490625 0.32734375 0.04296875 0.04921875
13 0.50546875 0.2265625 0.071875 0.03984375
6 0.5 0.328125 0.02265625 0.0609375