12 0.80234375 0.23046875 0.021875 0.08203125
8 0.6796875 0.23671875 0.021875 0.07421875
8 0.75390625 0.3 0.02109375 0.090625
8 0.7578125 0.36484375 0.03984375 0.13671875
8 0.4953125 0.4671875 0.08359375 0.1125
10 0.45390625 0.45078125 0.009375 0.00703125
8 0.34453125 0.34921875 0.0625 0.1109375
8 0.4 0.48203125 0.10546875 0.16640625
8 0.38359375 0.43828125 0.08125 0.146875
8 0.33203125 0.48046875 0.0421875 0.18359375
8 0.33515625 0.4140625 0.0640625 0.140625
4 0.240625 0.496875 0.11484375 0.20625
6 0.28203125 0.50390625 0.0578125 0.12734375