8 0.94921875 0.609375 0.08984375 0.18359375
8 0.153125 0.38125 0.0609375 0.115625
8 0.57109375 0.2265625 0.03203125 0.109375
8 0.68046875 0.2296875 0.0421875 0.10390625
8 0.48515625 0.37890625 0.0609375 0.1515625
8 0.44140625 0.65703125 0.16015625 0.2890625
8 0.34375 0.5859375 0.05859375 0.2328125
8 0.3234375 0.42421875 0.0578125 0.27890625
6 0.37890625 0.39765625 0.06015625 0.159375
8 0.36796875 0.3171875 0.04609375 0.06484375
4 0.33984375 0.41875 0.1078125 0.215625
12 0.87734375 0.19609375 0.03046875 0.10390625