12 0.721875 0.440625 0.0328125 0.14453125
12 0.2859375 0.27109375 0.0203125 0.07109375
8 0.2484375 0.340625 0.0390625 0.07421875
8 0.2875 0.37890625 0.05703125 0.10390625
8 0.375 0.3921875 0.0484375 0.09609375
8 0.40703125 0.3421875 0.04296875 0.0765625
8 0.4640625 0.44453125 0.0375 0.115625
8 0.4625 0.35234375 0.04765625 0.06953125
8 0.528125 0.35078125 0.04140625 0.0765625
8 0.5703125 0.3953125 0.034375 0.09296875
8 0.6765625 0.425 0.03203125 0.11484375
8 0.49140625 0.31015625 0.040625 0.06171875
6 0.47578125 0.27109375 0.0171875 0.04140625
4 0.4796875 0.275 0.04453125 0.0453125
13 0.49453125 0.18671875 0.0640625 0.0390625