8 0.18125 0.5296875 0.02890625 0.1
8 0.2078125 0.54765625 0.021875 0.10078125
8 0.4375 0.4984375 0.03125 0.07578125
8 0.5203125 0.56328125 0.034375 0.1109375
8 0.4984375 0.50234375 0.0359375 0.07578125
8 0.7515625 0.5484375 0.03046875 0.09140625
8 0.63359375 0.4984375 0.034375 0.07109375
8 0.5875 0.4921875 0.02578125 0.0671875
8 0.56328125 0.4921875 0.01796875 0.0640625
8 0.57890625 0.47421875 0.01328125 0.040625
4 0.53046875 0.49375 0.05234375 0.06484375
6 0.53203125 0.496875 0.03671875 0.0671875
13 0.553125 0.36328125 0.090625 0.05703125
12 0.27265625 0.46875 0.01796875 0.09140625
12 0.72578125 0.634375 0.0359375 0.17265625