12 0.70546875 0.47421875 0.0203125 0.10546875
8 0.15546875 0.53515625 0.04921875 0.11171875
8 0.2203125 0.446875 0.03515625 0.07890625
8 0.30234375 0.4609375 0.0328125 0.08359375
8 0.384375 0.44765625 0.021875 0.0734375
8 0.6625 0.4875 0.04375 0.09609375
8 0.55078125 0.5234375 0.04296875 0.10703125
8 0.52421875 0.45 0.01328125 0.06875
8 0.5609375 0.45859375 0.0296875 0.06484375
8 0.54765625 0.45390625 0.0125 0.05078125
8 0.53671875 0.4515625 0.009375 0.06640625
6 0.365625 0.4640625 0.0234375 0.05703125
4 0.35390625 0.4625 0.05625 0.05859375
13 0.37109375 0.33203125 0.09140625 0.05234375