8 0.24765625 0.42734375 0.03203125 0.0796875
8 0.29375 0.46328125 0.0828125 0.1015625
8 0.3875 0.525 0.065625 0.13203125
8 0.48359375 0.64375 0.078125 0.153125
8 0.72734375 0.4703125 0.03125 0.10703125
8 0.51875 0.51640625 0.046875 0.115625
8 0.46953125 0.43671875 0.03828125 0.0859375
8 0.4625 0.39765625 0.0453125 0.06484375
12 0.75234375 0.39921875 0.02265625 0.08671875
12 0.69375 0.82265625 0.07265625 0.26875
6 0.2765625 0.61953125 0.0546875 0.15625
4 0.25859375 0.66171875 0.1140625 0.20546875