4 0.26484375 0.25546875 0.05078125 0.06171875
6 0.2625 0.24609375 0.0234375 0.0671875
13 0.2796875 0.15078125 0.0734375 0.05078125
12 0.103125 0.2484375 0.02265625 0.07421875
12 0.55625 0.38359375 0.0203125 0.12265625
8 0.153125 0.32890625 0.03125 0.10234375
8 0.18359375 0.2953125 0.0421875 0.07734375
8 0.22421875 0.33125 0.0328125 0.08359375
8 0.29296875 0.29921875 0.04296875 0.0765625
8 0.2875 0.2671875 0.0234375 0.040625
8 0.340625 0.28828125 0.02109375 0.0765625
8 0.41640625 0.4171875 0.0703125 0.10703125
8 0.48125 0.3625 0.0625 0.09140625
8 0.51328125 0.34296875 0.03671875 0.08828125
8 0.5296875 0.3171875 0.0359375 0.06875
10 0.51484375 0.46875 0.00625 0.0109375