8 0.853125 0.65390625 0.11953125 0.21875
8 0.91484375 0.35546875 0.05546875 0.13828125
8 0.74453125 0.39765625 0.04296875 0.14921875
8 0.596875 0.28671875 0.04140625 0.1359375
8 0.375 0.40234375 0.07890625 0.121875
8 0.31953125 0.42578125 0.11484375 0.17734375
8 0.21484375 0.4125 0.03515625 0.18046875
8 0.2453125 0.4359375 0.06015625 0.1875
12 0.25234375 0.16328125 0.03359375 0.1
12 0.59296875 0.51484375 0.08515625 0.1796875
8 0.525 0.528125 0.05 0.18046875
6 0.77421875 0.10703125 0.0265625 0.05078125
4 0.7796875 0.10703125 0.046875 0.04609375
13 0.8015625 0.0171875 0.0734375 0.03359375
6 0.0109375 0.515625 0.021875 0.2
8 0.55546875 0.50625 0.0796875 0.12734375