8 0.33046875 0.68671875 0.08203125 0.26171875
10 0.2859375 0.73984375 0.0125 0.01640625
4 0.27734375 0.5875 0.13984375 0.259375
6 0.32109375 0.609375 0.07578125 0.1296875
8 0.4390625 0.575 0.09765625 0.18359375
8 0.50625 0.4984375 0.071875 0.19296875
8 0.509375 0.353125 0.0625 0.12890625
8 0.58671875 0.38515625 0.07734375 0.11953125
8 0.68671875 0.5015625 0.06328125 0.15546875
8 0.7796875 0.56953125 0.06953125 0.1984375
8 0.88984375 0.41796875 0.06328125 0.13203125
8 0.78828125 0.29765625 0.05078125 0.10859375
12 0.63203125 0.240625 0.02265625 0.11484375