8 0.55546875 0.64609375 0.115625 0.23515625
8 0.57421875 0.45859375 0.040625 0.1671875
8 0.3828125 0.4203125 0.04453125 0.16953125
8 0.503125 0.40078125 0.0953125 0.171875
8 0.74296875 0.34453125 0.03125 0.16015625
8 0.87109375 0.31640625 0.06015625 0.1296875
12 0.66875 0.19375 0.01875 0.10390625
12 0.26953125 0.440625 0.05234375 0.203125
6 0.19609375 0.47734375 0.075 0.1671875
4 0.140625 0.51640625 0.13359375 0.22265625
8 0.41640625 0.23828125 0.02578125 0.09609375
8 0.453125 0.2296875 0.040625 0.09296875
8 0.32578125 0.24453125 0.0578125 0.10625
8 0.3234375 0.22109375 0.01875 0.084375
8 0.36796875 0.23203125 0.02578125 0.115625
8 0.48984375 0.1984375 0.0375 0.07421875
8 0.521875 0.18515625 0.02265625 0.075
8 0.49296875 0.165625 0.01796875 0.0484375