13 0.52421875 0.2421875 0.10390625 0.0671875
4 0.50390625 0.3890625 0.0453125 0.07578125
6 0.484375 0.3875 0.025 0.084375
8 0.459375 0.38984375 0.02734375 0.08671875
8 0.0546875 0.4515625 0.0296875 0.121875
8 0.13671875 0.4453125 0.05625 0.11328125
8 0.31484375 0.4609375 0.03984375 0.1078125
8 0.375 0.45625 0.0765625 0.10234375
8 0.51796875 0.46953125 0.05234375 0.11640625
8 0.53515625 0.415625 0.0640625 0.09140625
8 0.65234375 0.46953125 0.05078125 0.12265625
8 0.69296875 0.425 0.0421875 0.090625
12 0.2390625 0.375 0.02265625 0.0984375
12 0.7640625 0.50546875 0.03984375 0.175