8 0.0375 0.50703125 0.05546875 0.140625
8 0.25 0.45 0.034375 0.1171875
8 0.40390625 0.5875 0.08984375 0.1625
8 0.43671875 0.40234375 0.02890625 0.08203125
8 0.51953125 0.40859375 0.04140625 0.1359375
8 0.55625 0.39921875 0.040625 0.08203125
8 0.6109375 0.40703125 0.0296875 0.08125
8 0.69296875 0.42890625 0.0609375 0.08671875
8 0.6453125 0.415625 0.05546875 0.08125
12 0.63984375 0.8015625 0.06328125 0.31484375
12 0.434375 0.3578125 0.02265625 0.09140625
6 0.89921875 0.36171875 0.02421875 0.06953125
4 0.92578125 0.36640625 0.0578125 0.0640625
13 0.95 0.24375 0.09375 0.0625