4 0.55546875 0.25859375 0.03203125 0.03984375
6 0.5546875 0.25703125 0.0140625 0.04765625
12 0.20078125 0.28203125 0.02265625 0.08125
12 0.46640625 0.65390625 0.05546875 0.228125
8 0.15234375 0.5765625 0.08984375 0.15546875
8 0.3734375 0.4875 0.0421875 0.1328125
8 0.45625 0.4609375 0.07421875 0.09765625
8 0.646875 0.62421875 0.07265625 0.13671875
8 0.69140625 0.634375 0.1 0.140625
8 0.66484375 0.40859375 0.046875 0.11484375
8 0.36953125 0.3484375 0.04921875 0.08203125
8 0.34609375 0.38984375 0.06015625 0.0984375
13 0.56796875 0.19375 0.05 0.0390625