12 0.2125 0.48828125 0.040625 0.09609375
12 0.790625 0.75546875 0.0578125 0.2421875
8 0.51796875 0.59921875 0.06015625 0.1203125
8 0.56484375 0.6359375 0.06328125 0.12734375
8 0.67109375 0.57109375 0.046875 0.13203125
8 0.6671875 0.49609375 0.04453125 0.07421875
8 0.74609375 0.55234375 0.05390625 0.09609375
8 0.5375 0.4921875 0.02890625 0.0890625
8 0.471875 0.5109375 0.03515625 0.090625
8 0.3828125 0.49375 0.04296875 0.08125
8 0.2765625 0.52265625 0.053125 0.10390625
8 0.3 0.48984375 0.040625 0.08203125
4 0.74765625 0.478125 0.06171875 0.0765625
6 0.73671875 0.475 0.0359375 0.071875
13 0.77421875 0.346875 0.09453125 0.06015625