8 0.13125 0.65546875 0.0671875 0.1390625
8 0.20859375 0.54453125 0.0953125 0.240625
6 0.2625 0.478125 0.10625 0.1796875
8 0.26484375 0.371875 0.07578125 0.16015625
8 0.3734375 0.33515625 0.03515625 0.125
8 0.3 0.21171875 0.053125 0.09609375
8 0.7375 0.21328125 0.034375 0.08828125
12 0.77109375 0.14921875 0.01953125 0.0796875
12 0.61484375 0.88046875 0.090625 0.2390625
8 0.92421875 0.19453125 0.028125 0.0796875
8 0.95390625 0.2109375 0.03125 0.07890625
8 0.97578125 0.31171875 0.0484375 0.1203125
13 0.9875 0.046875 0.025 0.040625
6 0.98671875 0.1296875 0.0171875 0.059375
4 0.9828125 0.13828125 0.03359375 0.05