12 0.671875 0.56796875 0.03359375 0.1515625
12 0.05 0.3859375 0.025 0.10703125
8 0.24296875 0.43125 0.02890625 0.08359375
8 0.51875 0.4515625 0.0625 0.0796875
8 0.565625 0.45625 0.04765625 0.05546875
8 0.5796875 0.5109375 0.02890625 0.12734375
8 0.6078125 0.54296875 0.05 0.11640625
8 0.3796875 0.453125 0.02890625 0.09453125
8 0.34765625 0.43828125 0.0375 0.0828125
8 0.3234375 0.42734375 0.021875 0.0828125
6 0.29375 0.428125 0.040625 0.0796875
8 0.02265625 0.4859375 0.04375 0.12109375
13 0.3078125 0.28125 0.11015625 0.07265625