4 0.6609375 0.475 0.06015625 0.06953125
13 0.6828125 0.34453125 0.09609375 0.06015625
8 0.2484375 0.49375 0.02734375 0.10234375
8 0.26953125 0.46484375 0.02890625 0.09296875
8 0.3046875 0.471875 0.02734375 0.090625
8 0.34765625 0.465625 0.0328125 0.07890625
8 0.46484375 0.496875 0.021875 0.0953125
8 0.5046875 0.46953125 0.02109375 0.0796875
8 0.596875 0.48515625 0.021875 0.06953125
8 0.5625 0.45546875 0.0296875 0.0625
8 0.56953125 0.4984375 0.03203125 0.08125
12 0.5203125 0.45859375 0.01796875 0.08828125
12 0.896875 0.571875 0.046875 0.12421875