12 0.1578125 0.29765625 0.0296875 0.1890625
6 0.78203125 0.1890625 0.04921875 0.12265625
4 0.80390625 0.19921875 0.08515625 0.09765625
8 0.8953125 0.3046875 0.08515625 0.15546875
8 0.2296875 0.40703125 0.1171875 0.153125
8 0.375 0.41640625 0.08125 0.1796875
8 0.45546875 0.4875 0.17421875 0.1875
8 0.46953125 0.59765625 0.08671875 0.2359375
10 0.54609375 0.590625 0.01015625 0.0140625
8 0.5375 0.4703125 0.08125 0.1671875
8 0.575 0.31640625 0.07734375 0.153125
8 0.65546875 0.36640625 0.1 0.16875
8 0.7140625 0.42421875 0.084375 0.16171875
8 0.896875 0.3046875 0.0859375 0.15546875
13 0.83359375 0.0234375 0.1359375 0.046875
8 0.01484375 0.5296875 0.0296875 0.1875