13 0.575 0.29453125 0.08515625 0.05546875
8 0.5359375 0.43046875 0.02109375 0.08671875
6 0.54140625 0.4078125 0.02578125 0.071875
4 0.55703125 0.41171875 0.05546875 0.06015625
8 0.03671875 0.553125 0.05078125 0.14921875
8 0.1625 0.45546875 0.03125 0.1046875
8 0.1125 0.4140625 0.021875 0.084375
8 0.25078125 0.55625 0.05625 0.14375
8 0.29296875 0.42890625 0.02421875 0.08671875
8 0.44140625 0.44296875 0.053125 0.08359375
12 0.4328125 0.4359375 0.02578125 0.109375
12 0.91015625 0.5625 0.0296875 0.15859375