8 0.0921875 0.4375 0.04453125 0.08203125
8 0.246875 0.4375 0.03984375 0.0734375
8 0.4015625 0.409375 0.02109375 0.07109375
8 0.4734375 0.4265625 0.0328125 0.06484375
8 0.50859375 0.4046875 0.02109375 0.05546875
8 0.56875 0.42265625 0.02890625 0.06640625
8 0.603125 0.41875 0.034375 0.0640625
8 0.61640625 0.48203125 0.03828125 0.0921875
12 0.6484375 0.49375 0.028125 0.134375
12 0.29453125 0.38203125 0.01640625 0.07890625
6 0.44921875 0.4078125 0.03828125 0.06484375
4 0.434375 0.40703125 0.040625 0.059375
13 0.4578125 0.29296875 0.08359375 0.05