8 0.071875 0.54765625 0.08203125 0.12421875
8 0.10078125 0.55625 0.0453125 0.1390625
8 0.209375 0.51953125 0.08359375 0.1078125
12 0.296875 0.47265625 0.0328125 0.115625
12 0.753125 0.6390625 0.03828125 0.19921875
8 0.80546875 0.51328125 0.05 0.1
8 0.51484375 0.48828125 0.0578125 0.0984375
8 0.54765625 0.5828125 0.04296875 0.11796875
8 0.58984375 0.58125 0.0328125 0.1203125
8 0.5765625 0.4953125 0.0390625 0.084375
6 0.62265625 0.509375 0.0421875 0.0953125
4 0.6328125 0.51328125 0.0765625 0.08125
13 0.66328125 0.34140625 0.12265625 0.07734375