10 0.38984375 0.6109375 0.0078125 0.01796875
4 0.22890625 0.56875 0.11953125 0.215625
6 0.26796875 0.578125 0.07578125 0.1203125
8 0.09921875 0.4109375 0.075 0.121875
8 0.3140625 0.33125 0.05234375 0.08828125
8 0.28203125 0.44765625 0.0328125 0.12421875
8 0.2984375 0.515625 0.065625 0.1734375
8 0.3921875 0.45703125 0.08359375 0.13984375
8 0.4125 0.40703125 0.0484375 0.12421875
8 0.634375 0.40234375 0.03359375 0.11328125
8 0.75390625 0.40703125 0.025 0.10546875
8 0.8796875 0.5171875 0.059375 0.1359375
8 0.97578125 0.51328125 0.0484375 0.1453125
12 0.59921875 0.296875 0.021875 0.08828125
12 0.8546875 0.7265625 0.05390625 0.23984375