4 0.790625 0.4609375 0.07890625 0.0859375
13 0.81875 0.29296875 0.11796875 0.075
6 0.753125 0.45625 0.03125 0.09765625
8 0.728125 0.4625 0.02734375 0.11015625
8 0.13671875 0.5125 0.0328125 0.12421875
8 0.37421875 0.43828125 0.0359375 0.10234375
8 0.41875 0.478125 0.021875 0.109375
8 0.47109375 0.50625 0.05234375 0.09453125
8 0.5171875 0.5203125 0.0375 0.12734375
8 0.55625 0.49609375 0.05859375 0.14140625
8 0.61796875 0.4609375 0.04921875 0.11328125
8 0.6578125 0.48671875 0.0296875 0.1109375
8 0.48515625 0.46875 0.0265625 0.10546875
12 0.465625 0.44609375 0.02578125 0.11328125