12 0.846875 0.5234375 0.046875 0.17265625
12 0.57734375 0.365625 0.02421875 0.0890625
8 0.49140625 0.44921875 0.053125 0.08125
8 0.5109375 0.45625 0.07421875 0.0921875
8 0.58125 0.47734375 0.06484375 0.10703125
10 0.5328125 0.490625 0.009375 0.01328125
8 0.5484375 0.409375 0.03046875 0.07890625
8 0.5703125 0.39921875 0.025 0.07734375
8 0.60703125 0.43125 0.028125 0.08125
8 0.62421875 0.40234375 0.0203125 0.0640625
8 0.64375 0.415625 0.02109375 0.09140625
8 0.65625 0.39765625 0.01953125 0.08125
6 0.690625 0.39140625 0.0265625 0.0796875
4 0.72421875 0.39296875 0.05390625 0.071875
13 0.7390625 0.2484375 0.10390625 0.0640625