6 0.0875 0.6484375 0.06328125 0.2140625
4 0.03828125 0.753125 0.0765625 0.275
8 0.36328125 0.44375 0.10390625 0.12265625
8 0.625 0.446875 0.0796875 0.10859375
8 0.75 0.39375 0.05078125 0.10234375
8 0.790625 0.31640625 0.04609375 0.071875
8 0.96328125 0.3796875 0.0515625 0.1125
8 0.63984375 0.2765625 0.02109375 0.0890625
8 0.61875 0.296875 0.03125 0.08828125
8 0.5328125 0.36328125 0.0375 0.09609375
8 0.44453125 0.37578125 0.0578125 0.1046875
8 0.43203125 0.34375 0.03671875 0.0734375
10 0.42265625 0.42734375 0.00703125 0.01328125
12 0.76484375 0.25859375 0.01953125 0.08359375