12 0.3984375 0.41171875 0.075 0.16015625
12 0.81953125 0.3296875 0.0328125 0.1609375
8 0.890625 0.27109375 0.05078125 0.09296875
8 0.58515625 0.42421875 0.08984375 0.17578125
8 0.7609375 0.25078125 0.03046875 0.10546875
8 0.5890625 0.21953125 0.034375 0.10078125
8 0.62265625 0.2171875 0.03671875 0.10859375
8 0.28671875 0.2578125 0.02734375 0.0984375
8 0.30625 0.290625 0.03359375 0.1296875
8 0.36328125 0.28828125 0.02734375 0.134375
8 0.3390625 0.23671875 0.02890625 0.10234375
8 0.44375 0.33359375 0.07109375 0.13203125
8 0.41953125 0.26484375 0.025 0.06640625
8 0.38984375 0.246875 0.0234375 0.11328125
8 0.36640625 0.20625 0.015625 0.04296875
8 0.67109375 0.18125 0.01484375 0.07421875
8 0.68984375 0.1875 0.02890625 0.08203125
8 0.71640625 0.20390625 0.0328125 0.08359375
8 0.73515625 0.203125 0.03125 0.0859375
6 0.22734375 0.53203125 0.08515625 0.20625
4 0.15390625 0.590625 0.1515625 0.2640625