6 0.934375 0.41015625 0.01953125 0.06953125
13 0.9625 0.3125 0.075 0.04921875
4 0.9421875 0.41875 0.04765625 0.05859375
8 0.7734375 0.50546875 0.046875 0.09921875
8 0.7515625 0.4390625 0.03515625 0.08046875
8 0.609375 0.5890625 0.08125 0.1375
8 0.5859375 0.4203125 0.028125 0.10546875
8 0.51484375 0.48828125 0.0515625 0.1171875
8 0.371875 0.53984375 0.0625 0.128125
8 0.3046875 0.46953125 0.06015625 0.1171875
8 0.43515625 0.415625 0.0359375 0.08359375
12 0.14140625 0.4203125 0.025 0.1234375
8 0.45546875 0.4109375 0.02109375 0.08046875