12 0.09765625 0.39609375 0.0296875 0.13125
12 0.946875 0.628125 0.06015625 0.228125
8 0.15390625 0.5 0.08828125 0.103125
8 0.21328125 0.49609375 0.06015625 0.1296875
8 0.303125 0.5609375 0.0546875 0.134375
8 0.4375 0.475 0.0359375 0.115625
8 0.50859375 0.43046875 0.06796875 0.0890625
6 0.534375 0.3671875 0.03125 0.1
4 0.55 0.36953125 0.071875 0.0765625
13 0.57265625 0.2171875 0.10625 0.07109375
8 0.640625 0.49453125 0.07890625 0.1625
8 0.65546875 0.48515625 0.04921875 0.0984375
8 0.76171875 0.50078125 0.07421875 0.12734375