8 0.20625 0.46796875 0.03359375 0.1109375
8 0.22421875 0.3625 0.01484375 0.08671875
8 0.33828125 0.3859375 0.0375 0.0765625
8 0.38984375 0.41953125 0.05078125 0.09765625
8 0.3859375 0.40078125 0.0171875 0.08828125
8 0.4359375 0.4609375 0.03671875 0.10703125
8 0.4625 0.434375 0.025 0.09765625
8 0.46796875 0.39609375 0.0171875 0.0375
8 0.4921875 0.4140625 0.02734375 0.084375
8 0.47265625 0.3671875 0.01171875 0.02578125
6 0.64765625 0.353125 0.0203125 0.0796875
4 0.6515625 0.36328125 0.05078125 0.0640625
12 0.59296875 0.3859375 0.0234375 0.09765625
12 0.94453125 0.47265625 0.0328125 0.134375
13 0.67421875 0.24609375 0.0828125 0.05546875
8 0.09921875 0.3984375 0.028125 0.1203125
8 0.0125 0.425 0.02421875 0.12109375