6 0.7375 0.3390625 0.03125 0.07734375
4 0.771875 0.34453125 0.04609375 0.0578125
13 0.790625 0.23671875 0.07890625 0.05546875
12 0.440625 0.3375 0.021875 0.084375
8 0.33515625 0.53359375 0.078125 0.146875
8 0.35703125 0.41484375 0.0484375 0.08359375
10 0.38828125 0.4515625 0.0109375 0.01484375
8 0.43671875 0.4 0.025 0.08125
8 0.53203125 0.47890625 0.075 0.12109375
8 0.5953125 0.4390625 0.0546875 0.090625
8 0.67109375 0.44296875 0.0578125 0.0890625
8 0.71328125 0.503125 0.078125 0.115625
8 0.771875 0.57421875 0.07578125 0.1296875
8 0.896875 0.4515625 0.075 0.0921875
8 0.9625 0.4515625 0.0375 0.09296875