6 0.2453125 0.5453125 0.07421875 0.16953125
12 0.1921875 0.60859375 0.0125 0.015625
4 0.20625 0.5703125 0.12109375 0.22265625
8 0.35625 0.44609375 0.04375 0.15078125
8 0.5203125 0.48515625 0.06796875 0.1359375
8 0.57421875 0.3796875 0.02890625 0.1078125
8 0.5453125 0.41484375 0.02734375 0.125
8 0.41328125 0.48515625 0.0328125 0.153125
8 0.4328125 0.546875 0.05 0.178125
8 0.43359375 0.4265625 0.025 0.0859375
12 0.63359375 0.35234375 0.028125 0.115625
8 0.9671875 0.66328125 0.06484375 0.16796875
8 0.9875 0.4921875 0.02421875 0.13671875