8 0.94609375 0.3703125 0.0453125 0.10078125
8 0.3703125 0.4234375 0.0640625 0.1421875
8 0.42421875 0.41171875 0.05625 0.14140625
8 0.3875 0.38828125 0.06328125 0.1109375
8 0.42109375 0.35078125 0.03046875 0.0640625
8 0.509375 0.440625 0.07578125 0.13359375
8 0.5015625 0.36875 0.05078125 0.084375
8 0.55859375 0.38984375 0.04296875 0.0984375
8 0.59453125 0.28671875 0.02421875 0.090625
8 0.8796875 0.42734375 0.05703125 0.1484375
12 0.71015625 0.24375 0.0203125 0.08828125
12 0.425 0.7015625 0.0625 0.2859375
6 0.31171875 0.49140625 0.046875 0.15078125
4 0.2484375 0.54453125 0.11484375 0.20390625