8 0.18828125 0.54609375 0.0328125 0.1265625
8 0.32578125 0.5234375 0.04765625 0.09609375
8 0.37734375 0.4609375 0.03359375 0.08671875
10 0.3640625 0.50625 0.0078125 0.01171875
8 0.42109375 0.47578125 0.046875 0.08046875
12 0.46796875 0.44375 0.021875 0.1
8 0.496875 0.48671875 0.0265625 0.084375
8 0.590625 0.55390625 0.06171875 0.121875
8 0.75 0.51953125 0.05859375 0.125
8 0.553125 0.48671875 0.04296875 0.0953125
8 0.55390625 0.44453125 0.0140625 0.034375
8 0.57734375 0.471875 0.02265625 0.0828125
13 0.6109375 0.32265625 0.10859375 0.06171875