13 0.7953125 0.31015625 0.10859375 0.06171875
12 0.775 0.65625 0.04609375 0.21875
12 0.31328125 0.4625 0.028125 0.1109375
8 0.34296875 0.51640625 0.040625 0.1203125
8 0.4421875 0.475 0.04375 0.1
8 0.4796875 0.48046875 0.04609375 0.0953125
8 0.5203125 0.4609375 0.028125 0.09765625
8 0.61171875 0.4625 0.04140625 0.0859375
8 0.65625 0.47421875 0.02890625 0.0953125
8 0.63984375 0.60546875 0.05234375 0.153125
8 0.72578125 0.48984375 0.0359375 0.0796875
8 0.74609375 0.51875 0.05 0.1078125
8 0.78515625 0.46953125 0.028125 0.09609375
6 0.7546875 0.45546875 0.03203125 0.071875
4 0.77265625 0.45859375 0.0640625 0.07421875