12 0.225 0.253125 0.03125 0.09140625
12 0.721875 0.509375 0.090625 0.2125
8 0.37734375 0.48671875 0.08359375 0.153125
8 0.203125 0.35390625 0.04453125 0.11953125
8 0.29765625 0.2921875 0.05234375 0.08125
8 0.4796875 0.44453125 0.0796875 0.13828125
8 0.4875 0.4046875 0.04453125 0.1171875
8 0.55625 0.40703125 0.06796875 0.09765625
6 0.434375 0.2265625 0.02265625 0.0640625
4 0.4375 0.22734375 0.04765625 0.05546875
13 0.45390625 0.1296875 0.071875 0.05078125
8 0.68671875 0.39765625 0.03984375 0.11328125
8 0.63828125 0.52734375 0.04921875 0.1359375
8 0.71796875 0.3859375 0.02890625 0.0578125