8 0.3125 0.4984375 0.053125 0.115625
8 0.353125 0.44921875 0.03671875 0.08203125
8 0.36796875 0.44921875 0.02890625 0.06640625
8 0.4859375 0.5265625 0.05078125 0.103125
8 0.46796875 0.4625 0.03359375 0.0796875
8 0.484375 0.446875 0.021875 0.08203125
8 0.61484375 0.4390625 0.028125 0.06953125
8 0.615625 0.48125 0.0328125 0.1078125
8 0.65 0.4671875 0.03359375 0.0796875
12 0.42109375 0.44296875 0.034375 0.1125
12 0.76875 0.50546875 0.028125 0.1296875
8 0.4421875 0.42578125 0.021875 0.0796875
6 0.646875 0.375 0.01953125 0.05
4 0.65078125 0.37578125 0.0421875 0.05
13 0.6671875 0.28203125 0.06953125 0.0453125