8 0.05703125 0.44453125 0.06953125 0.15390625
8 0.12421875 0.42265625 0.0328125 0.10859375
8 0.22734375 0.36640625 0.040625 0.08828125
8 0.2609375 0.38203125 0.0703125 0.06640625
8 0.3109375 0.378125 0.05703125 0.0953125
8 0.39453125 0.38046875 0.0359375 0.10078125
8 0.42109375 0.38984375 0.028125 0.10546875
8 0.4296875 0.34765625 0.02890625 0.06953125
8 0.45859375 0.38203125 0.02578125 0.09609375
8 0.56171875 0.46796875 0.0328125 0.1390625
8 0.62265625 0.45390625 0.0609375 0.12421875
4 0.47578125 0.378125 0.0765625 0.08359375
12 0.15 0.34140625 0.05625 0.11484375
12 0.93203125 0.51171875 0.03125 0.18671875
13 0.5 0.20390625 0.12578125 0.075