12 0.06328125 0.36953125 0.0390625 0.1296875
12 0.73359375 0.58125 0.06796875 0.246875
8 0.6953125 0.53671875 0.04453125 0.16484375
8 0.2984375 0.5 0.07421875 0.13828125
8 0.3484375 0.39375 0.04140625 0.11796875
8 0.42109375 0.4265625 0.0640625 0.125
8 0.50546875 0.41484375 0.040625 0.12265625
8 0.5453125 0.5765625 0.0578125 0.17578125
10 0.57109375 0.6515625 0.0140625 0.015625
8 0.52734375 0.51171875 0.04609375 0.0734375
8 0.56875 0.45390625 0.04140625 0.1578125
8 0.63515625 0.478125 0.05703125 0.13203125
8 0.53359375 0.4390625 0.0359375 0.09765625
6 0.371875 0.340625 0.03828125 0.11328125
4 0.3796875 0.35546875 0.07265625 0.0859375
13 0.409375 0.18359375 0.1234375 0.071875