8 0.2453125 0.3578125 0.078125 0.1125
8 0.31875 0.325 0.08046875 0.0984375
8 0.4921875 0.37578125 0.0875 0.115625
8 0.70234375 0.4078125 0.0859375 0.134375
8 0.5609375 0.3390625 0.07890625 0.10078125
10 0.615625 0.3875 0.0078125 0.0109375
8 0.59453125 0.28984375 0.05234375 0.07421875
8 0.48671875 0.30234375 0.05703125 0.08125
8 0.70234375 0.303125 0.03515625 0.0984375
8 0.73046875 0.27734375 0.04765625 0.09296875
6 0.7796875 0.25546875 0.03828125 0.10078125
8 0.83828125 0.26953125 0.05390625 0.09375
12 0.47109375 0.24765625 0.025 0.10546875
4 0.8078125 0.259375 0.03828125 0.08828125