12 0.84296875 0.48046875 0.02109375 0.090625
8 0.315625 0.46796875 0.0453125 0.06015625
8 0.3640625 0.4546875 0.01640625 0.0734375
8 0.365625 0.4859375 0.01875 0.07734375
8 0.39375 0.44453125 0.02578125 0.06484375
8 0.46953125 0.50859375 0.04609375 0.08359375
8 0.4671875 0.44140625 0.03359375 0.071875
8 0.55 0.471875 0.025 0.07890625
8 0.59765625 0.45703125 0.03125 0.08203125
8 0.56328125 0.45390625 0.02109375 0.08125
8 0.5734375 0.43359375 0.0203125 0.06875
6 0.5359375 0.38203125 0.02109375 0.04296875
4 0.61875 0.3890625 0.03515625 0.03828125
13 0.6296875 0.3140625 0.0546875 0.03046875
12 0.5140625 0.45546875 0.02109375 0.0953125