8 0.60546875 0.58984375 0.14140625 0.246875
8 0.8171875 0.6140625 0.128125 0.22265625
8 0.67109375 0.32265625 0.034375 0.146875
8 0.44453125 0.38046875 0.06015625 0.12890625
8 0.43515625 0.52421875 0.071875 0.228125
8 0.35390625 0.52109375 0.05703125 0.21796875
8 0.334375 0.4203125 0.05703125 0.16484375
8 0.24765625 0.425 0.059375 0.1796875
8 0.296875 0.47890625 0.0609375 0.175
6 0.275 0.5640625 0.0796875 0.11328125
4 0.22265625 0.5328125 0.134375 0.240625
12 0.6 0.20078125 0.028125 0.10625
12 0.31484375 0.73203125 0.07890625 0.3375