12 0.1578125 0.521875 0.03828125 0.16796875
6 0.409375 0.66953125 0.04453125 0.21328125
4 0.32421875 0.7484375 0.1421875 0.259375
8 0.52265625 0.5265625 0.04921875 0.12421875
8 0.7328125 0.75546875 0.0734375 0.18984375
8 0.7546875 0.6265625 0.09140625 0.14375
8 0.8515625 0.46953125 0.05625 0.10078125
8 0.64609375 0.4625 0.0375 0.09375
8 0.61015625 0.509375 0.075 0.10234375
10 0.63203125 0.54765625 0.0078125 0.01171875
8 0.6515625 0.61015625 0.05234375 0.16328125
8 0.59453125 0.6109375 0.078125 0.17890625
8 0.5875 0.61796875 0.08671875 0.11875