13 0.53359375 0.3265625 0.09375 0.0546875
12 0.69765625 0.53984375 0.02421875 0.13203125
8 0.034375 0.4765625 0.03203125 0.0859375
8 0.22890625 0.46953125 0.02265625 0.08671875
8 0.35234375 0.50859375 0.034375 0.109375
8 0.3625 0.44765625 0.0203125 0.07109375
12 0.37265625 0.43359375 0.0171875 0.09296875
8 0.4296875 0.44375 0.025 0.08125
8 0.45390625 0.4953125 0.04375 0.09140625
8 0.534375 0.48125 0.04375 0.10546875
8 0.50546875 0.44453125 0.0203125 0.084375
6 0.4796875 0.45625 0.03671875 0.06484375
4 0.51328125 0.45390625 0.0578125 0.06875