12 0.66484375 0.48984375 0.034375 0.15078125
12 0.346875 0.39609375 0.02890625 0.121875
6 0.596875 0.34375 0.025 0.06640625
8 0.159375 0.4328125 0.0609375 0.11015625
8 0.1640625 0.3890625 0.034375 0.08671875
8 0.3 0.38359375 0.02734375 0.09296875
8 0.3265625 0.39609375 0.02578125 0.05546875
8 0.3734375 0.3703125 0.03046875 0.09140625
8 0.44765625 0.478125 0.053125 0.1078125
8 0.4875 0.40703125 0.04765625 0.0765625
8 0.53046875 0.375 0.04453125 0.0890625
8 0.43046875 0.42421875 0.0515625 0.1046875
8 0.41640625 0.41484375 0.02265625 0.10703125
4 0.61875 0.34453125 0.05078125 0.059375
13 0.640625 0.23359375 0.08046875 0.05