12 0.64375 0.48046875 0.04375 0.1390625
12 0.49765625 0.3578125 0.01875 0.05234375
8 0.1078125 0.43828125 0.03046875 0.10703125
8 0.2625 0.446875 0.0546875 0.115625
8 0.3265625 0.4046875 0.0375 0.09609375
8 0.378125 0.42421875 0.0328125 0.10703125
8 0.5046875 0.45625 0.0296875 0.1109375
8 0.44375 0.4578125 0.05234375 0.09921875
8 0.43515625 0.384375 0.02265625 0.08203125
8 0.44609375 0.38984375 0.0453125 0.084375
6 0.50625 0.38046875 0.02109375 0.05078125
4 0.525 0.39375 0.071875 0.06953125
13 0.54609375 0.26171875 0.09609375 0.05703125