8 0.08046875 0.50546875 0.071875 0.18203125
8 0.1921875 0.42890625 0.08828125 0.1484375
8 0.184375 0.3796875 0.04765625 0.12421875
8 0.26640625 0.453125 0.034375 0.1625
8 0.2890625 0.4203125 0.02265625 0.13203125
8 0.30625 0.45390625 0.03359375 0.14609375
8 0.36640625 0.440625 0.03359375 0.14375
8 0.4296875 0.3828125 0.03828125 0.11953125
8 0.55546875 0.38671875 0.0484375 0.134375
8 0.63203125 0.45625 0.0765625 0.1390625
8 0.46015625 0.4359375 0.02734375 0.14375
12 0.46796875 0.403125 0.0234375 0.16015625
6 0.67109375 0.31015625 0.028125 0.09609375
4 0.68359375 0.32265625 0.06953125 0.07109375
13 0.70625 0.178125 0.10546875 0.059375