8 0.11875 0.43515625 0.0828125 0.17109375
8 0.20546875 0.41796875 0.090625 0.190625
8 0.27578125 0.453125 0.1078125 0.16875
8 0.3734375 0.52578125 0.11484375 0.26015625
8 0.51796875 0.4078125 0.1625 0.178125
8 0.6765625 0.58046875 0.08125 0.2234375
8 0.8625 0.57890625 0.1828125 0.22265625
8 0.109375 0.81484375 0.2015625 0.21953125
10 0.5421875 0.43984375 0.0234375 0.034375
12 0.965625 0.8984375 0.06640625 0.203125
13 0.228125 0.18046875 0.253125 0.08671875
3 0.68359375 0.55546875 0.278125 0.1015625