8 0.63515625 0.46640625 0.08515625 0.1890625
8 0.77109375 0.81328125 0.14296875 0.23359375
8 0.45625 0.70546875 0.12734375 0.2109375
8 0.31953125 0.69296875 0.090625 0.1328125
8 0.2109375 0.47734375 0.1453125 0.1640625
8 0.525 0.33515625 0.121875 0.16953125
6 0.36875 0.35625 0.07734375 0.14453125
5 0.35078125 0.325 0.1328125 0.14453125
11 0.45078125 0.6109375 0.046875 0.0375
3 0.45390625 0.615625 0.2578125 0.1234375
3 0.89921875 0.3171875 0.1953125 0.0953125
11 0.91953125 0.31875 0.05546875 0.0359375
13 0.21953125 0.18359375 0.24453125 0.08203125