5 0.9609375 0.265625 0.078125 0.13125
6 0.90859375 0.29375 0.10390625 0.14296875
13 0.221875 0.184375 0.25 0.0890625
8 0.12890625 0.2390625 0.1375 0.128125
8 0.29609375 0.3046875 0.14296875 0.15078125
8 0.3015625 0.784375 0.23828125 0.2125
8 0.48359375 0.596875 0.128125 0.2125
8 0.59375 0.5125 0.1109375 0.165625
8 0.62578125 0.6453125 0.1171875 0.17734375
8 0.75546875 0.32109375 0.13671875 0.175
8 0.84765625 0.40390625 0.12109375 0.1828125
8 0.95390625 0.475 0.08125 0.17421875
3 0.45703125 0.24765625 0.21484375 0.084375