13 0.21953125 0.1875 0.24765625 0.1046875
2 0.3171875 0.45625 0.634375 0.2625
8 0.20078125 0.76640625 0.21640625 0.25
8 0.36328125 0.61015625 0.1234375 0.253125
8 0.63984375 0.49296875 0.15703125 0.20625
8 0.51953125 0.80625 0.16015625 0.16015625
8 0.590625 0.7546875 0.15859375 0.27421875
8 0.796875 0.28359375 0.19609375 0.16484375
11 0.92265625 0.67734375 0.07578125 0.059375
11 0.72421875 0.2828125 0.05703125 0.0296875
12 0.59609375 0.16171875 0.08125 0.15390625
10 0.59140625 0.56171875 0.02890625 0.01640625