8 0.096875 0.48359375 0.11171875 0.1546875
8 0.48515625 0.2328125 0.07109375 0.13828125
8 0.721875 0.3203125 0.08046875 0.14296875
8 0.82578125 0.29453125 0.13203125 0.11875
8 0.83046875 0.40625 0.1203125 0.0953125
8 0.9125 0.4484375 0.09921875 0.1203125
8 0.746875 0.64453125 0.128125 0.17578125
8 0.4625 0.7359375 0.06328125 0.1796875
8 0.40546875 0.7578125 0.0734375 0.19921875
11 0.40859375 0.29453125 0.046875 0.0296875
11 0.2921875 0.7296875 0.05546875 0.0375
3 0.28828125 0.73046875 0.17265625 0.184375
2 0.790625 0.14765625 0.246875 0.11875
6 0.73359375 0.89375 0.14375 0.15625
5 0.7640625 0.95546875 0.19375 0.08828125