8 0.41953125 0.37890625 0.140625 0.15
8 0.5671875 0.4296875 0.06328125 0.17265625
8 0.76484375 0.4078125 0.1359375 0.16953125
8 0.75859375 0.615625 0.12265625 0.13828125
8 0.20390625 0.7671875 0.23515625 0.1828125
8 0.3640625 0.6515625 0.16875 0.16640625
12 0.40234375 0.1796875 0.07890625 0.14453125
12 0.34453125 0.909375 0.10234375 0.16953125
11 0.9421875 0.7421875 0.08046875 0.05390625
11 0.73359375 0.32421875 0.05546875 0.0265625
2 0.29609375 0.5109375 0.3515625 0.16484375
13 0.21953125 0.18515625 0.253125 0.096875