6 0.82578125 0.784375 0.2609375 0.41484375
5 0.8921875 0.89296875 0.209375 0.2140625
8 0.25 0.46875 0.14375 0.2328125
8 0.4484375 0.39453125 0.13046875 0.17265625
8 0.57421875 0.325 0.0390625 0.1
8 0.621875 0.34765625 0.075 0.128125
8 0.7546875 0.2984375 0.05 0.0875
8 0.821875 0.30078125 0.034375 0.084375
8 0.8875 0.35 0.05703125 0.11640625
8 0.4375 0.34296875 0.06171875 0.13125
12 0.23984375 0.39921875 0.03828125 0.1453125
11 0.5546875 0.49921875 0.04453125 0.0359375
3 0.55703125 0.49921875 0.1921875 0.0953125
11 0.84375 0.36328125 0.03203125 0.021875