8 0.0734375 0.321875 0.08671875 0.146875
6 0.2671875 0.71328125 0.23515625 0.3375
8 0.6109375 0.4515625 0.14765625 0.1765625
8 0.73984375 0.3609375 0.075 0.14765625
8 0.809375 0.3765625 0.13515625 0.15546875
8 0.4734375 0.384375 0.11796875 0.1796875
8 0.4703125 0.2796875 0.0859375 0.10390625
8 0.2515625 0.48984375 0.18359375 0.17265625
8 0.12890625 0.49453125 0.096875 0.209375
8 0.15390625 0.3953125 0.11015625 0.09453125
5 0.1234375 0.8828125 0.246875 0.234375
3 0.53984375 0.49140625 0.29375 0.1203125
11 0.22265625 0.31953125 0.02265625 0.01953125