8 0.23515625 0.425 0.0671875 0.14140625
8 0.23125 0.51796875 0.09296875 0.16953125
8 0.38125 0.56796875 0.07265625 0.20078125
8 0.64765625 0.740625 0.12734375 0.17109375
8 0.778125 0.68828125 0.13828125 0.1921875
8 0.640625 0.56796875 0.10234375 0.16796875
8 0.4546875 0.45 0.12421875 0.17734375
8 0.325 0.4796875 0.07890625 0.1796875
12 0.52109375 0.603125 0.078125 0.21015625
12 0.296875 0.26875 0.06953125 0.11171875
11 0.48984375 0.67265625 0.05546875 0.0359375
3 0.4765625 0.6765625 0.25703125 0.1234375
3 0.0421875 0.3640625 0.08359375 0.0671875
6 0.52421875 0.41328125 0.07265625 0.14140625
5 0.578125 0.37421875 0.140625 0.16484375