13 0.21875 0.18203125 0.24296875 0.09375
8 0.290625 0.52890625 0.1796875 0.1953125
8 0.5734375 0.73984375 0.12265625 0.20859375
8 0.62109375 0.49609375 0.1375 0.17109375
8 0.82109375 0.4140625 0.13359375 0.1625
8 0.0515625 0.6265625 0.103125 0.165625
8 0.48515625 0.36328125 0.10859375 0.14296875
10 0.5359375 0.4375 0.02578125 0.01796875
12 0.92890625 0.3328125 0.078125 0.16796875
12 0.0421875 0.96015625 0.084375 0.0796875
2 0.6765625 0.74296875 0.40546875 0.1796875
11 0.1375 0.51953125 0.06484375 0.0390625