8 0.27265625 0.26953125 0.04140625 0.11640625
8 0.17265625 0.26875 0.02890625 0.096875
8 0.21171875 0.31953125 0.09609375 0.1
8 0.18828125 0.4421875 0.0859375 0.190625
8 0.2625 0.43671875 0.10703125 0.17734375
6 0.2921875 0.6046875 0.1375 0.3171875
8 0.47265625 0.35234375 0.1015625 0.13125
8 0.5890625 0.39453125 0.08046875 0.14609375
8 0.64296875 0.31484375 0.08515625 0.1
8 0.8421875 0.32734375 0.06171875 0.16953125
12 0.559375 0.33515625 0.046875 0.16953125
11 0.52421875 0.41953125 0.04921875 0.0359375
3 0.5375 0.425 0.20390625 0.10859375
5 0.18984375 0.834375 0.3796875 0.33125