8 0.684375 0.61640625 0.090625 0.13984375
8 0.4875 0.47265625 0.12265625 0.15625
8 0.14765625 0.50546875 0.140625 0.14140625
8 0.3890625 0.7859375 0.14140625 0.1515625
8 0.09140625 0.84609375 0.078125 0.153125
8 0.08515625 0.65703125 0.090625 0.159375
8 0.31328125 0.89609375 0.13984375 0.16640625
8 0.42421875 0.965625 0.0734375 0.06875
6 0.56171875 0.21875 0.07890625 0.0984375
5 0.54765625 0.17109375 0.1125 0.0859375
11 0.0515625 0.94375 0.0625 0.0359375
11 0.21015625 0.303125 0.0515625 0.02265625
11 0.8875 0.3 0.0359375 0.01953125
11 0.95078125 0.55234375 0.0625 0.0328125
3 0.20859375 0.30078125 0.12734375 0.08046875
3 0.88828125 0.30625 0.12265625 0.0890625
2 0.5515625 0.72734375 0.31953125 0.1546875