11 0.15390625 0.934375 0.0484375 0.04375
11 0.64140625 0.60546875 0.03359375 0.03515625
8 0.15390625 0.79765625 0.1046875 0.1984375
8 0.4796875 0.59375 0.1 0.15859375
8 0.58359375 0.6421875 0.1015625 0.1765625
8 0.9328125 0.59921875 0.103125 0.14375
8 0.815625 0.6859375 0.05546875 0.2
8 0.79609375 0.46796875 0.0796875 0.17265625
8 0.709375 0.46484375 0.06328125 0.1171875
8 0.57890625 0.54375 0.0796875 0.12890625
12 0.66015625 0.49921875 0.0640625 0.16953125
6 0.15625 0.59609375 0.08203125 0.16796875
5 0.0609375 0.625 0.096875 0.15
13 0.21875 0.18203125 0.24609375 0.09296875
3 0.153125 0.9390625 0.28046875 0.0984375