6 0.584375 0.6546875 0.07890625 0.13125
5 0.48515625 0.83203125 0.1484375 0.13984375
8 0.6984375 0.41875 0.0703125 0.1203125
8 0.475 0.44921875 0.08125 0.10703125
8 0.3390625 0.365625 0.07265625 0.1171875
8 0.46328125 0.28515625 0.06953125 0.08515625
8 0.52109375 0.225 0.06953125 0.08046875
8 0.3359375 0.1015625 0.07109375 0.08203125
8 0.6828125 0.1171875 0.04375 0.08203125
8 0.7359375 0.1484375 0.06328125 0.07890625
11 0.13671875 0.646875 0.04140625 0.03125
11 0.82890625 0.64296875 0.04375 0.0359375
11 0.209375 0.328125 0.0390625 0.034375
11 0.75625 0.32734375 0.0390625 0.0328125
11 0.2609375 0.11328125 0.03125 0.02109375
12 0.02265625 0.22890625 0.02890625 0.11015625
3 0.13828125 0.65 0.13359375 0.13125
3 0.84296875 0.64375 0.1359375 0.1265625
2 0.4859375 0.209375 0.21328125 0.10234375