8 0.06484375 0.46796875 0.096875 0.13203125
8 0.15078125 0.4 0.053125 0.12421875
8 0.39765625 0.41171875 0.071875 0.12265625
8 0.31796875 0.5796875 0.09140625 0.153125
8 0.16484375 0.62265625 0.096875 0.1640625
8 0.58359375 0.64765625 0.06171875 0.13984375
8 0.6734375 0.75 0.09453125 0.18046875
8 0.86015625 0.43359375 0.06796875 0.1375
8 0.72734375 0.528125 0.06171875 0.14921875
5 0.96015625 0.4703125 0.07890625 0.1234375
12 0.3046875 0.41875 0.0578125 0.12265625
11 0.0578125 0.89765625 0.06875 0.040625
3 0.896875 0.71171875 0.20546875 0.115625