8 0.053125 0.43203125 0.096875 0.1515625
8 0.42265625 0.4265625 0.1515625 0.153125
8 0.2859375 0.85390625 0.11953125 0.22421875
8 0.36640625 0.759375 0.12734375 0.22265625
8 0.44296875 0.6453125 0.1484375 0.2109375
11 0.74765625 0.88125 0.0640625 0.0546875
3 0.7484375 0.88046875 0.30546875 0.115625
11 0.196875 0.5328125 0.04375 0.03203125
3 0.19609375 0.52890625 0.25859375 0.06953125
6 0.70390625 0.4890625 0.08515625 0.153125
5 0.85234375 0.546875 0.1484375 0.16484375
13 0.20234375 0.1859375 0.2109375 0.08359375