11 0.26171875 0.76015625 0.0703125 0.053125
11 0.41796875 0.38671875 0.06171875 0.04375
12 0.42109375 0.25234375 0.06953125 0.12890625
8 0.53984375 0.4125 0.12265625 0.1203125
8 0.65078125 0.85390625 0.19609375 0.15703125
8 0.721875 0.40703125 0.103125 0.11875
8 0.83515625 0.3796875 0.08828125 0.1421875
10 0.56328125 0.90859375 0.0234375 0.034375
2 0.81796875 0.57109375 0.3484375 0.146875
13 0.21875 0.1828125 0.240625 0.0828125
8 0.36640625 0.67578125 0.1546875 0.1515625
12 0.73125 0.93203125 0.08125 0.13515625