12 0.46171875 0.31953125 0.0609375 0.12734375
12 0.78359375 0.6984375 0.07265625 0.18671875
8 0.79921875 0.39375 0.053125 0.1484375
8 0.8625 0.409375 0.0515625 0.140625
8 0.925 0.63984375 0.08359375 0.18671875
8 0.38203125 0.3515625 0.0609375 0.103125
8 0.31796875 0.33359375 0.0390625 0.12578125
8 0.27265625 0.309375 0.0546875 0.11953125
8 0.040625 0.484375 0.08125 0.17265625
11 0.62421875 0.703125 0.04453125 0.0359375
11 0.459375 0.39296875 0.0359375 0.02265625
8 0.45625 0.5703125 0.06171875 0.1453125