13 0.21796875 0.18203125 0.2421875 0.096875
8 0.0984375 0.64609375 0.0875 0.18203125
8 0.1328125 0.46640625 0.16484375 0.14375
8 0.6953125 0.55390625 0.0734375 0.1703125
8 0.4453125 0.47734375 0.06796875 0.15703125
8 0.38984375 0.46015625 0.0546875 0.1375
8 0.35546875 0.4109375 0.0484375 0.0984375
8 0.6734375 0.5390625 0.07890625 0.146875
3 0.28671875 0.55859375 0.23046875 0.09921875
3 0.79375 0.9046875 0.29765625 0.13984375
6 0.80546875 0.56796875 0.08671875 0.16015625
5 0.9015625 0.58828125 0.16796875 0.1828125