11 0.05234375 0.25546875 0.04765625 0.03515625
11 0.27890625 0.63671875 0.0640625 0.04375
11 0.803125 0.171875 0.040625 0.0234375
3 0.8015625 0.17265625 0.2 0.0578125
13 0.22109375 0.184375 0.2421875 0.08046875
8 0.36484375 0.6390625 0.07109375 0.178125
8 0.6828125 0.29296875 0.15546875 0.18984375
8 0.92890625 0.5484375 0.1078125 0.221875
8 0.8734375 0.64453125 0.10234375 0.18046875
8 0.76796875 0.66640625 0.07734375 0.16640625
12 0.3359375 0.76171875 0.07265625 0.13203125
10 0.690625 0.45546875 0.03359375 0.02421875