8 0.82265625 0.58203125 0.125 0.1609375
8 0.40859375 0.5203125 0.13828125 0.1328125
8 0.59296875 0.70625 0.11171875 0.15625
8 0.66171875 0.89453125 0.1671875 0.2109375
8 0.26875 0.8015625 0.140625 0.16796875
8 0.10078125 0.78203125 0.121875 0.17109375
8 0.08515625 0.9109375 0.08828125 0.16640625
8 0.36640625 0.96171875 0.08359375 0.07578125
8 0.3546875 0.63828125 0.13515625 0.14296875
8 0.27265625 0.56171875 0.08515625 0.13828125
10 0.23359375 0.61328125 0.01875 0.01484375
11 0.15859375 0.47265625 0.0515625 0.02265625
3 0.1625 0.47265625 0.1484375 0.096875
6 0.53046875 0.36015625 0.090625 0.125
5 0.58125 0.3125 0.13046875 0.11015625
2 0.575 0.959375 0.403125 0.08125