8 0.24453125 0.2421875 0.10546875 0.10078125
8 0.34375 0.58359375 0.08671875 0.128125
8 0.55546875 0.94296875 0.1046875 0.1140625
8 0.70234375 0.50390625 0.1125 0.1265625
8 0.3890625 0.18828125 0.065625 0.10625
8 0.78515625 0.203125 0.0703125 0.08515625
8 0.85 0.228125 0.04609375 0.1078125
11 0.70234375 0.3515625 0.040625 0.03671875
11 0.7609375 0.60625 0.046875 0.02890625
11 0.17109375 0.35859375 0.0453125 0.0296875
11 0.1078125 0.61953125 0.03515625 0.0328125
3 0.6640625 0.18203125 0.12109375 0.06328125
3 0.84140625 0.94453125 0.1734375 0.1109375
2 0.4359375 0.475 0.4140625 0.18125
6 0.46328125 0.10625 0.03984375 0.07578125
5 0.4421875 0.096875 0.13046875 0.084375
12 0.71640625 0.25625 0.05234375 0.0828125
12 0.97265625 0.5625 0.0546875 0.11875
8 0.76015625 0.2890625 0.07109375 0.1