8 0.0375 0.48984375 0.06875 0.13125
8 0.09765625 0.65234375 0.065625 0.12578125
8 0.378125 0.57265625 0.06171875 0.10078125
8 0.45625 0.6671875 0.0859375 0.109375
8 0.54765625 0.66640625 0.05703125 0.121875
8 0.6515625 0.63984375 0.090625 0.13125
8 0.74609375 0.62265625 0.0734375 0.1234375
8 0.8390625 0.509375 0.08203125 0.10546875
8 0.44140625 0.490625 0.05703125 0.10234375
8 0.49765625 0.4875 0.03984375 0.10234375
12 0.725 0.746875 0.0453125 0.11328125
12 0.478125 0.53046875 0.04375 0.1
11 0.14609375 0.7328125 0.04375 0.0265625
11 0.2375 0.503125 0.02421875 0.025
11 0.71796875 0.503125 0.028125 0.01796875
2 0.82890625 0.7296875 0.04296875 0.01875
2 0.48984375 0.596875 0.403125 0.1734375