8 0.13125 0.6515625 0.11953125 0.19921875
8 0.6265625 0.72890625 0.159375 0.2265625
8 0.72421875 0.84921875 0.0984375 0.23984375
8 0.8546875 0.74921875 0.21015625 0.20390625
8 0.48984375 0.45234375 0.10234375 0.1515625
8 0.384375 0.47265625 0.1015625 0.1625
8 0.33046875 0.40390625 0.07109375 0.14453125
11 0.58671875 0.5015625 0.05390625 0.0328125
11 0.83046875 0.971875 0.08046875 0.05078125
12 0.61640625 0.3015625 0.0734375 0.159375
2 0.14609375 0.73046875 0.2921875 0.19609375
13 0.21015625 0.18046875 0.21875 0.08203125