3 0.14921875 0.940625 0.28671875 0.1171875
3 0.6296875 0.60234375 0.2234375 0.0828125
8 0.171875 0.7484375 0.13671875 0.1953125
8 0.44140625 0.55234375 0.1234375 0.18125
8 0.55625 0.52890625 0.0890625 0.15
8 0.59375 0.659375 0.11875 0.16328125
8 0.7953125 0.46796875 0.08125 0.20703125
12 0.2390625 0.94453125 0.090625 0.1109375
12 0.678125 0.4734375 0.06640625 0.1546875
6 0.1359375 0.58671875 0.11796875 0.15859375
5 0.05859375 0.625 0.10390625 0.18984375
13 0.221875 0.17890625 0.2703125 0.09921875