13 0.20390625 0.18359375 0.2078125 0.0953125
3 0.9234375 0.81328125 0.14375 0.10625
11 0.9828125 0.81328125 0.025 0.04296875
11 0.5078125 0.48671875 0.05390625 0.03515625
3 0.51171875 0.4796875 0.2109375 0.08046875
8 0.64609375 0.584375 0.12890625 0.15625
8 0.92734375 0.490625 0.0984375 0.14296875
8 0.31796875 0.42578125 0.10078125 0.1140625
8 0.25078125 0.38828125 0.07734375 0.134375
8 0.09296875 0.43984375 0.08203125 0.146875
8 0.3671875 0.60703125 0.12890625 0.18046875
8 0.31328125 0.72578125 0.09921875 0.17265625
12 0.590625 0.93203125 0.08125 0.13515625