13 0.21875 0.18125 0.2546875 0.0953125
8 0.35 0.33203125 0.12421875 0.16953125
8 0.4875 0.465625 0.0828125 0.2140625
8 0.55703125 0.67734375 0.07578125 0.23828125
8 0.7375 0.8 0.1203125 0.221875
8 0.4171875 0.81875 0.190625 0.23203125
10 0.34765625 0.471875 0.01875 0.0296875
6 0.78828125 0.4234375 0.06796875 0.19765625
5 0.846875 0.41328125 0.16640625 0.1828125
11 0.1609375 0.40390625 0.05546875 0.03125
3 0.15234375 0.4046875 0.27109375 0.08046875
3 0.7390625 0.76484375 0.3046875 0.13671875
11 0.75078125 0.7671875 0.04375 0.04296875