11 0.21796875 0.49609375 0.03828125 0.0375
11 0.1234375 0.74296875 0.03828125 0.04453125
11 0.7328125 0.4953125 0.0375 0.0296875
11 0.8515625 0.73984375 0.046875 0.03359375
8 0.0484375 0.45390625 0.0703125 0.09765625
8 0.12109375 0.6515625 0.05703125 0.10625
8 0.41484375 0.6453125 0.07265625 0.12109375
8 0.4046875 0.5765625 0.046875 0.08828125
8 0.55078125 0.65859375 0.08828125 0.1234375
8 0.60546875 0.6203125 0.07265625 0.115625
8 0.73359375 0.60703125 0.05390625 0.121875
8 0.8203125 0.51171875 0.0609375 0.10625
8 0.49609375 0.4890625 0.04453125 0.11484375
8 0.4515625 0.490625 0.0484375 0.09140625
12 0.74140625 0.75859375 0.04765625 0.13359375
12 0.49375 0.83359375 0.0515625 0.06640625
12 0.4765625 0.53359375 0.0328125 0.10546875
2 0.475 0.59765625 0.2125 0.10546875