11 0.21328125 0.71796875 0.02890625 0.03671875
2 0.4828125 0.609375 0.1453125 0.075
11 0.28359375 0.53203125 0.0265625 0.0171875
11 0.671875 0.53125 0.02421875 0.01875
11 0.76015625 0.715625 0.03203125 0.02109375
8 0.4140625 0.528125 0.028125 0.08125
8 0.5375 0.51015625 0.028125 0.07890625
8 0.73125 0.5640625 0.03125 0.08203125
8 0.7875 0.6109375 0.05234375 0.090625
8 0.83359375 0.53515625 0.06328125 0.075
8 0.61015625 0.68515625 0.0609375 0.10625
8 0.3 0.65703125 0.03828125 0.10625
8 0.32109375 0.7 0.06875 0.07890625
8 0.08515625 0.646875 0.0359375 0.09921875
8 0.10390625 0.62265625 0.0296875 0.09921875
12 0.478125 0.5640625 0.03828125 0.09140625
12 0.6796875 0.73359375 0.03125 0.10078125
8 0.2546875 0.4484375 0.0390625 0.08671875
12 0.49140625 0.78828125 0.03671875 0.04921875