8 0.1671875 0.5703125 0.11796875 0.17734375
8 0.803125 0.5953125 0.1640625 0.184375
8 0.57578125 0.54453125 0.20078125 0.1640625
8 0.3984375 0.4203125 0.1203125 0.16796875
8 0.25546875 0.4578125 0.12265625 0.10546875
8 0.5421875 0.42578125 0.10625 0.128125
8 0.634375 0.44609375 0.05703125 0.14296875
6 0.74140625 0.42578125 0.09609375 0.14609375
5 0.8 0.41796875 0.1765625 0.13359375
11 0.28828125 0.6125 0.06015625 0.028125
3 0.296875 0.6125 0.20546875 0.11171875
11 0.19453125 0.9859375 0.078125 0.028125