11 0.640625 0.7265625 0.071875 0.0453125
12 0.34921875 0.82265625 0.0921875 0.16171875
13 0.21796875 0.184375 0.23515625 0.08203125
11 0.0578125 0.253125 0.04375 0.03046875
3 0.08671875 0.25078125 0.15859375 0.05703125
11 0.825 0.3328125 0.034375 0.0359375
8 0.43125 0.52578125 0.18828125 0.16796875
8 0.4375 0.4265625 0.096875 0.153125
8 0.7171875 0.49296875 0.11953125 0.1640625
8 0.82109375 0.4765625 0.1515625 0.1625
8 0.83046875 0.29765625 0.09609375 0.115625
8 0.47578125 0.840625 0.14453125 0.1640625