8 0.22578125 0.29921875 0.05234375 0.13125
8 0.47578125 0.28828125 0.04453125 0.1171875
8 0.50078125 0.38359375 0.10703125 0.1640625
8 0.784375 0.5 0.1953125 0.2765625
8 0.84609375 0.36875 0.078125 0.11875
8 0.76171875 0.34609375 0.05703125 0.13828125
8 0.15390625 0.36328125 0.09140625 0.08359375
8 0.215625 0.48359375 0.0859375 0.20234375
6 0.28515625 0.6625 0.16171875 0.39609375
5 0.1546875 0.8765625 0.309375 0.24375
11 0.55859375 0.4734375 0.06171875 0.0359375
3 0.56640625 0.46953125 0.2265625 0.1296875
11 0.25703125 0.3140625 0.02890625 0.0265625
12 0.603125 0.38125 0.06171875 0.19609375