13 0.21796875 0.18203125 0.24296875 0.090625
8 0.4046875 0.56953125 0.1328125 0.20390625
8 0.5796875 0.53828125 0.128125 0.1921875
8 0.559375 0.51015625 0.1328125 0.19375
8 0.54296875 0.4140625 0.09296875 0.13671875
8 0.93046875 0.4140625 0.121875 0.14609375
6 0.2625 0.56015625 0.1015625 0.1828125
5 0.115625 0.58203125 0.17734375 0.18125
11 0.82109375 0.56796875 0.05703125 0.0375
11 0.24765625 0.94765625 0.0734375 0.05078125
3 0.82890625 0.56640625 0.28671875 0.09375
3 0.246875 0.93984375 0.34453125 0.1203125
12 0.0375 0.87734375 0.07421875 0.24453125