8 0.715625 0.546875 0.11640625 0.1921875
8 0.43671875 0.584375 0.15859375 0.20078125
8 0.221875 0.4484375 0.08515625 0.20390625
8 0.16484375 0.4109375 0.078125 0.19921875
8 0.096875 0.5421875 0.18203125 0.2125
8 0.03984375 0.72890625 0.0796875 0.2546875
8 0.2078125 0.9390625 0.1125 0.121875
11 0.36328125 0.8484375 0.0703125 0.04453125
3 0.36640625 0.8515625 0.359375 0.17421875
13 0.221875 0.184375 0.2421875 0.08046875
6 0.53046875 0.49375 0.11796875 0.16953125
5 0.45234375 0.453125 0.12734375 0.16796875