8 0.378125 0.6140625 0.09921875 0.1953125
8 0.76875 0.7859375 0.1765625 0.2109375
8 0.75859375 0.659375 0.14921875 0.19921875
8 0.73203125 0.5671875 0.0984375 0.11015625
8 0.825 0.46328125 0.10390625 0.15625
8 0.47578125 0.49140625 0.11953125 0.14609375
11 0.62734375 0.6078125 0.05546875 0.03984375
3 0.615625 0.60546875 0.2109375 0.0921875
11 0.09453125 0.97890625 0.075 0.04140625
3 0.12578125 0.959375 0.2328125 0.08125
6 0.11640625 0.60234375 0.09140625 0.17265625
5 0.02421875 0.61796875 0.0421875 0.14765625