8 0.1375 0.615625 0.11640625 0.1546875
8 0.48515625 0.33984375 0.08125 0.14609375
8 0.70390625 0.4015625 0.09296875 0.13984375
12 0.4328125 0.89921875 0.08125 0.19453125
8 0.24375 0.64921875 0.14765625 0.17265625
8 0.06875 0.3109375 0.05234375 0.1640625
10 0.54140625 0.4046875 0.02109375 0.0328125
13 0.20859375 0.18671875 0.21796875 0.08203125
11 0.04609375 0.82421875 0.075 0.05703125
11 0.21484375 0.41171875 0.0671875 0.05546875
2 0.640625 0.5953125 0.43046875 0.15859375
8 0.9109375 0.53671875 0.09140625 0.16171875