8 0.9140625 0.88515625 0.159375 0.22421875
8 0.1890625 0.653125 0.08359375 0.1890625
8 0.55390625 0.6234375 0.0796875 0.20546875
8 0.61015625 0.4109375 0.06796875 0.10546875
8 0.56796875 0.371875 0.06484375 0.1359375
13 0.21796875 0.18515625 0.23359375 0.0828125
5 0.14296875 0.53203125 0.17890625 0.18515625
6 0.20859375 0.52109375 0.07265625 0.1671875
11 0.2546875 0.8953125 0.06015625 0.040625
3 0.25234375 0.90078125 0.3359375 0.121875
11 0.80859375 0.52578125 0.05859375 0.0359375
3 0.815625 0.52578125 0.271875 0.08515625