13 0.21328125 0.18203125 0.23203125 0.08515625
8 0.09765625 0.7015625 0.11484375 0.2578125
8 0.20859375 0.61171875 0.15390625 0.2203125
8 0.0890625 0.4890625 0.153125 0.1796875
8 0.6890625 0.63203125 0.065625 0.2546875
8 0.5765625 0.5515625 0.1171875 0.20390625
8 0.5125 0.415625 0.07734375 0.17734375
8 0.4375 0.4328125 0.10078125 0.17265625
6 0.73515625 0.528125 0.07734375 0.184375
5 0.8234375 0.553125 0.17734375 0.20078125
11 0.703125 0.9375 0.08515625 0.04765625
3 0.6984375 0.93125 0.365625 0.1375