11 0.6953125 0.47421875 0.04375 0.025
11 0.884375 0.84765625 0.06015625 0.05
12 0.70078125 0.40234375 0.04375 0.1421875
12 0.771875 0.9421875 0.0703125 0.115625
8 0.940625 0.34921875 0.0546875 0.1484375
8 0.8859375 0.6015625 0.11953125 0.17265625
8 0.71015625 0.57734375 0.1328125 0.17265625
8 0.77734375 0.33359375 0.0890625 0.1546875
8 0.5890625 0.41171875 0.1046875 0.1453125
8 0.62890625 0.33671875 0.0546875 0.09453125
8 0.24453125 0.5078125 0.0828125 0.1546875
8 0.1671875 0.49609375 0.06171875 0.13125