8 0.13515625 0.3 0.040625 0.10078125
8 0.15 0.38984375 0.0921875 0.0984375
8 0.1328125 0.49921875 0.109375 0.20625
8 0.2265625 0.49375 0.09375 0.1953125
8 0.48125 0.29609375 0.0546875 0.125
8 0.49140625 0.39765625 0.12265625 0.1640625
8 0.67890625 0.4875 0.11875 0.2359375
8 0.7515625 0.36171875 0.06484375 0.1640625
8 0.82578125 0.40859375 0.13203125 0.2078125
12 0.5859375 0.40390625 0.065625 0.23046875
3 0.5734375 0.5 0.29921875 0.13984375
11 0.2375 0.3265625 0.03125 0.01875
6 0.28203125 0.6859375 0.234375 0.36328125
5 0.1421875 0.8890625 0.28203125 0.221875