8 0.09609375 0.3625 0.0640625 0.1546875
8 0.29453125 0.375 0.18984375 0.1328125
8 0.4046875 0.44140625 0.09140625 0.17890625
8 0.4640625 0.45 0.20859375 0.19921875
8 0.36015625 0.275 0.0828125 0.0953125
8 0.6609375 0.32421875 0.10546875 0.11875
8 0.8015625 0.24765625 0.03515625 0.1
8 0.82734375 0.2640625 0.06171875 0.1109375
8 0.96171875 0.259375 0.03671875 0.08515625
6 0.5578125 0.66953125 0.25625 0.28828125
5 0.61484375 0.8234375 0.4453125 0.353125
11 0.18125 0.453125 0.05234375 0.02265625
3 0.184375 0.4578125 0.18359375 0.103125