13 0.23046875 0.18046875 0.26484375 0.0875
12 0.55 0.9390625 0.125 0.121875
12 0.31484375 0.36328125 0.06484375 0.146875
8 0.1890625 0.57109375 0.1171875 0.14765625
8 0.5125 0.70234375 0.1328125 0.16640625
8 0.64765625 0.69296875 0.1375 0.19296875
8 0.83359375 0.66015625 0.1296875 0.1921875
8 0.9546875 0.74453125 0.07734375 0.24453125
8 0.66875 0.425 0.15234375 0.12734375
8 0.1171875 0.4578125 0.0625 0.16484375
8 0.1984375 0.46015625 0.09453125 0.12890625
3 0.3140625 0.50546875 0.22421875 0.06484375