10 0.55703125 0.31015625 0.0296875 0.04140625
6 0.403125 0.6921875 0.290625 0.40546875
5 0.27890625 0.8796875 0.5453125 0.240625
8 0.13203125 0.25625 0.1390625 0.165625
8 0.30234375 0.3734375 0.23203125 0.2765625
8 0.48515625 0.3328125 0.2765625 0.16640625
8 0.5296875 0.271875 0.06328125 0.16484375
8 0.5515625 0.15 0.08984375 0.121875
12 0.91875 0.1375 0.06875 0.1703125
8 0.61484375 0.13828125 0.09609375 0.121875
11 0.96015625 0.45078125 0.0671875 0.03984375
3 0.9078125 0.43515625 0.165625 0.11640625