8 0.1640625 0.42265625 0.078125 0.1046875
8 0.15390625 0.6453125 0.1140625 0.13203125
8 0.8546875 0.48125 0.0734375 0.1359375
8 0.9234375 0.68125 0.11640625 0.1484375
8 0.45546875 0.48828125 0.059375 0.10234375
8 0.4828125 0.68046875 0.06015625 0.1328125
8 0.534375 0.68125 0.0578125 0.13515625
8 0.53359375 0.56953125 0.05859375 0.1140625
8 0.50625 0.4875 0.04296875 0.08671875
8 0.4546875 0.5796875 0.0703125 0.11640625
12 0.48125 0.53046875 0.05 0.1359375
12 0.50703125 0.93671875 0.07109375 0.08671875
11 0.1390625 0.48046875 0.0390625 0.03828125
11 0.01796875 0.8125 0.025 0.0375
11 0.83046875 0.48125 0.03984375 0.03046875
11 0.98359375 0.8140625 0.01953125 0.03671875
2 0.48203125 0.61796875 0.284375 0.13203125