6 0.80625 0.76953125 0.325 0.4609375
5 0.85 0.87890625 0.29921875 0.24140625
8 0.415625 0.44765625 0.14140625 0.246875
8 0.33828125 0.34453125 0.109375 0.159375
8 0.553125 0.35390625 0.1125 0.16953125
8 0.65546875 0.31484375 0.03359375 0.1171875
8 0.6859375 0.31875 0.03203125 0.128125
8 0.83984375 0.271875 0.07265625 0.090625
8 0.32890625 0.34375 0.08046875 0.1578125
12 0.27421875 0.4015625 0.06953125 0.16953125
12 0.753125 0.2890625 0.0625 0.1015625
11 0.48359375 0.4921875 0.06328125 0.0375
3 0.49453125 0.49921875 0.18984375 0.1234375