2 0.27734375 0.51953125 0.36953125 0.1890625
13 0.2203125 0.1828125 0.240625 0.08203125
11 0.73359375 0.321875 0.05390625 0.0359375
11 0.94609375 0.746875 0.06796875 0.04375
8 0.496875 0.43359375 0.08125 0.1671875
8 0.04921875 0.5609375 0.08515625 0.19765625
8 0.596875 0.671875 0.1375 0.1859375
8 0.1796875 0.73203125 0.090625 0.21875
8 0.18984375 0.79921875 0.2140625 0.2265625
8 0.83359375 0.26171875 0.05390625 0.16953125
12 0.69375 0.19140625 0.05 0.1703125
8 0.24453125 0.28671875 0.0765625 0.13671875