8 0.03046875 0.61328125 0.0296875 0.1015625
8 0.0703125 0.6390625 0.07109375 0.09296875
8 0.3296875 0.62265625 0.05703125 0.08828125
8 0.57421875 0.7046875 0.040625 0.1078125
8 0.34375 0.71328125 0.040625 0.08984375
8 0.81953125 0.51171875 0.0625 0.08359375
8 0.51171875 0.51171875 0.03359375 0.07578125
8 0.7390625 0.5828125 0.03359375 0.10078125
8 0.46171875 0.496875 0.053125 0.04453125
12 0.690625 0.7296875 0.0375 0.10234375
12 0.471875 0.55546875 0.034375 0.08203125
11 0.275 0.5203125 0.0359375 0.04375
11 0.2015625 0.71171875 0.03828125 0.06015625
11 0.77109375 0.71328125 0.03203125 0.04140625
11 0.68046875 0.525 0.03125 0.0359375
2 0.47890625 0.60078125 0.18359375 0.0859375