6 0.24453125 0.49296875 0.10546875 0.17421875
5 0.2484375 0.46953125 0.171875 0.18984375
8 0.278125 0.76171875 0.12890625 0.26484375
8 0.1171875 0.62734375 0.14375 0.2296875
8 0.11796875 0.521875 0.12265625 0.175
11 0.146875 0.85859375 0.06796875 0.04296875
3 0.16484375 0.865625 0.30546875 0.115625
3 0.28671875 0.825 0.0015625 0.00390625
8 0.365625 0.43984375 0.140625 0.2328125
8 0.3921875 0.41015625 0.06484375 0.175
13 0.2171875 0.1828125 0.23828125 0.08203125
10 0.81875 0.83359375 0.01875 0.03046875