8 0.49453125 0.2703125 0.13359375 0.15625
8 0.23359375 0.2140625 0.08515625 0.11328125
8 0.2609375 0.31953125 0.1046875 0.16796875
8 0.17734375 0.3171875 0.12734375 0.1640625
8 0.353125 0.4015625 0.17109375 0.23828125
8 0.1828125 0.47421875 0.203125 0.2578125
8 0.71796875 0.1859375 0.04453125 0.0984375
8 0.68984375 0.1640625 0.04921875 0.1
8 0.75390625 0.14765625 0.059375 0.11328125
6 0.459375 0.61875 0.284375 0.2796875
5 0.51171875 0.7859375 0.4421875 0.428125
11 0.034375 0.409375 0.06171875 0.0359375
3 0.08125 0.403125 0.140625 0.10703125
3 0.95390625 0.40625 0.09140625 0.11328125
2 0.51875 0.1671875 0.1484375 0.034375
12 0.96484375 0.19296875 0.0546875 0.10546875
12 0.18515625 0.1515625 0.0421875 0.08046875