8 0.55 0.37421875 0.128125 0.14453125
8 0.42578125 0.47265625 0.15703125 0.14765625
8 0.6234375 0.634375 0.10625 0.19765625
8 0.85078125 0.63046875 0.10625 0.17109375
8 0.3328125 0.7171875 0.16171875 0.20546875
8 0.0671875 0.69296875 0.12421875 0.23359375
8 0.16953125 0.31875 0.13828125 0.128125
12 0.71484375 0.209375 0.13046875 0.17421875
11 0.8765625 0.77109375 0.0859375 0.0625
11 0.67265625 0.3640625 0.0734375 0.034375
2 0.23984375 0.5546875 0.359375 0.1640625
13 0.21484375 0.1828125 0.23359375 0.0859375