11 0.53203125 0.971875 0.078125 0.05
11 0.2984375 0.5203125 0.06171875 0.034375
8 0.278125 0.60234375 0.16484375 0.1875
8 0.1609375 0.39609375 0.11640625 0.14609375
8 0.04765625 0.39375 0.0875 0.16796875
8 0.65390625 0.4375 0.1421875 0.18046875
8 0.42578125 0.4828125 0.14609375 0.15546875
8 0.4828125 0.5890625 0.13515625 0.19609375
8 0.87890625 0.90859375 0.2421875 0.1828125
12 0.95859375 0.328125 0.0828125 0.175
12 0.34609375 0.29765625 0.09453125 0.1609375
13 0.21875 0.17734375 0.2359375 0.084375
10 0.528125 0.40703125 0.01640625 0.034375
2 0.09765625 0.75546875 0.1953125 0.35078125