6 0.39453125 0.62734375 0.278125 0.29921875
5 0.278125 0.8828125 0.53359375 0.234375
8 0.2828125 0.3671875 0.19296875 0.2734375
8 0.12265625 0.25703125 0.13828125 0.1796875
8 0.4234375 0.32578125 0.17265625 0.16640625
8 0.5359375 0.26796875 0.08828125 0.17578125
8 0.553125 0.1421875 0.090625 0.1171875
8 0.61171875 0.1296875 0.08515625 0.13359375
12 0.9203125 0.13671875 0.05703125 0.1640625
11 0.96484375 0.44375 0.0703125 0.046875
3 0.90703125 0.43828125 0.1765625 0.1296875
2 0.23125 0.16015625 0.22421875 0.05234375