10 0.85 0.628125 0.02890625 0.02421875
8 0.24765625 0.4171875 0.0921875 0.165625
8 0.14921875 0.56796875 0.08671875 0.18671875
8 0.2625 0.58046875 0.1671875 0.1984375
8 0.528125 0.590625 0.13046875 0.17890625
8 0.48046875 0.75078125 0.16875 0.2015625
8 0.2296875 0.80859375 0.15390625 0.209375
12 0.66328125 0.69296875 0.071875 0.17265625
3 0.71640625 0.5921875 0.25234375 0.0890625
3 0.27890625 0.315625 0.24140625 0.071875
13 0.21796875 0.1828125 0.24921875 0.09453125
6 0.7640625 0.3578125 0.090625 0.15390625
5 0.80703125 0.33671875 0.18046875 0.15234375