8 0.69296875 0.546875 0.0671875 0.1890625
8 0.775 0.36484375 0.15078125 0.1546875
8 0.61640625 0.39765625 0.1203125 0.13671875
8 0.403125 0.71953125 0.17890625 0.1625
8 0.3953125 0.5546875 0.07109375 0.16484375
8 0.33671875 0.53046875 0.0828125 0.1796875
8 0.24609375 0.528125 0.08828125 0.17890625
8 0.3078125 0.4234375 0.078125 0.1265625
11 0.5234375 0.49453125 0.05390625 0.028125
3 0.51796875 0.49296875 0.265625 0.096875
3 0.07578125 0.88359375 0.1515625 0.13125
6 0.034375 0.496875 0.06875 0.175
13 0.221875 0.184375 0.25 0.08359375