8 0.05625 0.571875 0.10546875 0.36328125
8 0.24375 0.42109375 0.159375 0.15546875
8 0.309375 0.3625 0.11171875 0.18984375
8 0.4546875 0.43046875 0.10078125 0.16484375
8 0.55 0.50234375 0.1125 0.23828125
8 0.64765625 0.428125 0.21953125 0.18984375
8 0.77734375 0.41328125 0.14296875 0.17421875
8 0.87890625 0.55078125 0.21328125 0.27890625
8 0.8828125 0.46171875 0.1265625 0.20390625
6 0.69921875 0.278125 0.0515625 0.1203125
5 0.7140625 0.29453125 0.121875 0.084375
10 0.53984375 0.59375 0.025 0.02109375