8 0.1265625 0.41640625 0.07265625 0.115625
8 0.17734375 0.64140625 0.109375 0.16875
8 0.853125 0.4796875 0.065625 0.14375
8 0.9234375 0.6765625 0.125 0.14453125
8 0.48203125 0.68203125 0.0546875 0.1140625
8 0.54453125 0.68359375 0.075 0.15546875
12 0.925 0.84296875 0.059375 0.1765625
12 0.484375 0.5328125 0.0359375 0.13046875
12 0.50859375 0.93359375 0.05703125 0.078125
11 0.025 0.8109375 0.0390625 0.065625
11 0.828125 0.47734375 0.0359375 0.04453125
11 0.98515625 0.809375 0.021875 0.0421875
11 0.14765625 0.484375 0.0609375 0.04921875
2 0.48046875 0.609375 0.309375 0.153125
8 0.45546875 0.56875 0.0734375 0.11328125
8 0.54296875 0.57421875 0.06953125 0.10390625