8 0.03828125 0.7734375 0.0765625 0.23125
8 0.16171875 0.50703125 0.11875 0.1453125
8 0.24140625 0.434375 0.09921875 0.11640625
8 0.6125 0.62734375 0.15 0.14765625
8 0.1125 0.26796875 0.0859375 0.13359375
8 0.68359375 0.39453125 0.1265625 0.1640625
8 0.71640625 0.2671875 0.09765625 0.10546875
8 0.80390625 0.30234375 0.08515625 0.13515625
12 0.946875 0.74765625 0.090625 0.16171875
12 0.61484375 0.315625 0.08203125 0.1078125
2 0.25703125 0.72109375 0.51328125 0.2875
11 0.58671875 0.53359375 0.053125 0.046875
11 0.6828125 0.8953125 0.0609375 0.04140625
3 0.51796875 0.303125 0.13046875 0.109375
6 0.24921875 0.1984375 0.0640625 0.09609375
5 0.2203125 0.19140625 0.153125 0.11171875