8 0.44609375 0.54453125 0.08828125 0.190625
8 0.50390625 0.8203125 0.153125 0.221875
8 0.05703125 0.91015625 0.1046875 0.1796875
8 0.16875 0.39765625 0.16171875 0.16640625
8 0.71953125 0.55 0.13359375 0.1796875
6 0.82734375 0.57734375 0.08515625 0.19375
5 0.92578125 0.621875 0.1484375 0.20234375
11 0.21953125 0.59765625 0.059375 0.03984375
11 0.82421875 0.98671875 0.07890625 0.0265625
3 0.2171875 0.6015625 0.28671875 0.08515625
3 0.83515625 0.96171875 0.3125 0.07578125
13 0.21484375 0.184375 0.22421875 0.08359375