8 0.4421875 0.6453125 0.14765625 0.1890625
8 0.54140625 0.540625 0.10703125 0.1859375
8 0.534375 0.26796875 0.10703125 0.1515625
8 0.33203125 0.4296875 0.11953125 0.184375
8 0.39375 0.33515625 0.1328125 0.184375
6 0.1453125 0.38046875 0.10390625 0.20390625
5 0.0640625 0.40234375 0.1125 0.1796875
8 0.08515625 0.25625 0.05 0.13984375
8 0.03125 0.27265625 0.05390625 0.18125
13 0.21953125 0.1828125 0.23671875 0.0859375
11 0.78046875 0.3859375 0.06328125 0.034375
11 0.209375 0.76953125 0.065625 0.04140625
3 0.2046875 0.7734375 0.34453125 0.1484375
3 0.778125 0.39296875 0.28984375 0.10390625
10 0.4953125 0.728125 0.0109375 0.01328125