8 0.36015625 0.7359375 0.1484375 0.20703125
8 0.234375 0.7109375 0.16953125 0.17890625
8 0.56484375 0.6125 0.1046875 0.17734375
8 0.775 0.50078125 0.14609375 0.153125
8 0.68125 0.46875 0.09921875 0.17265625
8 0.75078125 0.3734375 0.1140625 0.0984375
8 0.5875 0.41796875 0.07890625 0.1875
12 0.46171875 0.5953125 0.09140625 0.22890625
12 0.765625 0.1890625 0.05546875 0.11328125
11 0.5125 0.66171875 0.05390625 0.03984375
3 0.5234375 0.66953125 0.2859375 0.11015625
3 0.95703125 0.3234375 0.07734375 0.0640625
6 0.44453125 0.39296875 0.08125 0.1515625
5 0.4 0.3359375 0.14375 0.1578125