8 0.0453125 0.51328125 0.08515625 0.32109375
8 0.15 0.44140625 0.07421875 0.2015625
8 0.25546875 0.49765625 0.19453125 0.190625
8 0.48203125 0.40703125 0.08671875 0.15859375
8 0.584375 0.44140625 0.1125 0.165625
8 0.4921875 0.296875 0.10234375 0.09375
8 0.7390625 0.36328125 0.08359375 0.14609375
8 0.8 0.3890625 0.14765625 0.1828125
11 0.203125 0.31015625 0.02890625 0.034375
6 0.2546875 0.74453125 0.22109375 0.3546875
5 0.11484375 0.90625 0.21875 0.1875
3 0.53984375 0.49453125 0.26484375 0.11640625