13 0.221875 0.18671875 0.246875 0.08515625
8 0.06875 0.5140625 0.12890625 0.1734375
8 0.3578125 0.4984375 0.121875 0.190625
8 0.47109375 0.52265625 0.16484375 0.18515625
8 0.67109375 0.51875 0.1234375 0.18359375
8 0.72734375 0.41171875 0.11484375 0.153125
8 0.4390625 0.46640625 0.1421875 0.15859375
8 0.92578125 0.928125 0.1484375 0.14375
6 0.259375 0.5484375 0.08828125 0.1984375
5 0.17890625 0.57734375 0.1984375 0.2109375
12 0.04140625 0.9484375 0.0828125 0.10234375
3 0.91953125 0.56171875 0.1609375 0.1234375
3 0.32265625 0.9609375 0.3890625 0.078125