8 0.3734375 0.2890625 0.1125 0.1578125
8 0.91484375 0.23046875 0.07265625 0.128125
8 0.63984375 0.48046875 0.0703125 0.0890625
8 0.3640625 0.5734375 0.11953125 0.1265625
8 0.60234375 0.6015625 0.125 0.159375
8 0.6765625 0.5859375 0.078125 0.15
8 0.07734375 0.50546875 0.09296875 0.15
8 0.04453125 0.57421875 0.06953125 0.1515625
8 0.3265625 0.4796875 0.05703125 0.0703125
12 0.26875 0.52890625 0.075 0.16796875
6 0.66484375 0.746875 0.090625 0.1609375
5 0.78984375 0.8546875 0.20859375 0.19765625
11 0.45234375 0.1734375 0.03828125 0.03125