6 0.3078125 0.6171875 0.165625 0.2921875
5 0.184375 0.840625 0.36875 0.31484375
3 0.51953125 0.43203125 0.20078125 0.12890625
11 0.52109375 0.421875 0.04375 0.0296875
8 0.803125 0.353125 0.08203125 0.140625
8 0.6421875 0.31171875 0.07734375 0.10625
8 0.425 0.278125 0.053125 0.0953125
8 0.184375 0.44765625 0.08671875 0.1859375
8 0.2609375 0.44375 0.1 0.1578125
8 0.22109375 0.3734375 0.0671875 0.13671875
8 0.4671875 0.35625 0.08359375 0.12421875
8 0.55546875 0.37890625 0.10859375 0.1359375
12 0.56328125 0.33984375 0.059375 0.16875