8 0.13046875 0.6140625 0.06015625 0.10703125
8 0.1765625 0.64921875 0.03828125 0.09921875
8 0.2640625 0.65234375 0.06328125 0.1
8 0.3453125 0.671875 0.05546875 0.0734375
8 0.371875 0.52578125 0.0234375 0.06640625
8 0.2234375 0.47734375 0.0296875 0.065625
8 0.540625 0.50390625 0.02890625 0.071875
8 0.68203125 0.5453125 0.04375 0.07578125
8 0.6140625 0.6515625 0.06328125 0.0875
8 0.82109375 0.56015625 0.046875 0.07421875
8 0.81328125 0.63984375 0.04921875 0.09375
12 0.48125 0.57578125 0.04765625 0.09296875
12 0.4921875 0.77734375 0.0453125 0.059375
12 0.67421875 0.72890625 0.03671875 0.09140625
2 0.48203125 0.61640625 0.1671875 0.090625
11 0.290625 0.540625 0.0296875 0.025
11 0.22265625 0.71796875 0.03203125 0.0328125
11 0.74921875 0.71484375 0.03515625 0.034375
11 0.665625 0.53984375 0.0234375 0.03125