8 0.68515625 0.4640625 0.06484375 0.16953125
8 0.378125 0.63125 0.128125 0.16953125
8 0.96328125 0.68515625 0.0734375 0.1890625
8 0.7 0.94140625 0.14453125 0.11640625
8 0.22578125 0.7203125 0.11640625 0.20859375
8 0.2296875 0.4890625 0.13359375 0.1265625
8 0.11328125 0.44921875 0.10859375 0.1578125
12 0.0796875 0.315625 0.05703125 0.10390625
12 0.5515625 0.32578125 0.0625 0.14296875
11 0.8203125 0.89609375 0.08046875 0.05078125
11 0.60859375 0.4921875 0.05546875 0.0375
2 0.18046875 0.68359375 0.3359375 0.1625
13 0.2078125 0.18515625 0.2734375 0.0875