8 0.3796875 0.58984375 0.10546875 0.20703125
8 0.65078125 0.74375 0.125 0.16328125
8 0.7765625 0.71953125 0.10625 0.153125
8 0.58828125 0.5796875 0.08203125 0.15390625
8 0.4484375 0.453125 0.1109375 0.16171875
8 0.22265625 0.52265625 0.10703125 0.165625
8 0.32421875 0.4625 0.0609375 0.13984375
8 0.23828125 0.42890625 0.0546875 0.12265625
12 0.30234375 0.26796875 0.078125 0.11015625
12 0.51015625 0.59609375 0.08359375 0.20078125
6 0.5265625 0.4140625 0.06640625 0.134375
5 0.5703125 0.353125 0.140625 0.1703125
11 0.4859375 0.67109375 0.059375 0.04140625
3 0.465625 0.66875 0.275 0.12265625