12 0.2953125 0.26796875 0.05703125 0.115625
6 0.51953125 0.41640625 0.06640625 0.1375
8 0.2203125 0.49765625 0.075 0.17109375
8 0.22890625 0.43359375 0.05859375 0.1296875
8 0.2953125 0.43046875 0.07265625 0.178125
8 0.41796875 0.45 0.0671875 0.1796875
8 0.39375 0.60859375 0.096875 0.2046875
8 0.6984375 0.478125 0.12109375 0.153125
8 0.65078125 0.740625 0.11015625 0.15703125
8 0.7890625 0.7 0.12109375 0.16640625
12 0.51796875 0.6015625 0.0671875 0.2125
11 0.48359375 0.6765625 0.0453125 0.0328125
3 0.4921875 0.67109375 0.246875 0.11328125
5 0.5703125 0.37265625 0.134375 0.153125