6 0.4328125 0.78515625 0.275 0.42890625
8 0.275 0.4828125 0.14375 0.140625
8 0.2828125 0.42109375 0.13046875 0.1078125
8 0.47421875 0.42890625 0.10078125 0.134375
8 0.48203125 0.37421875 0.0578125 0.10234375
8 0.5375 0.37734375 0.0390625 0.10546875
8 0.58359375 0.4453125 0.05625 0.13515625
8 0.6765625 0.4328125 0.09140625 0.1546875
8 0.31875 0.35625 0.0453125 0.06328125
6 0.3015625 0.3078125 0.040625 0.04375
5 0.2875 0.3046875 0.07890625 0.053125
12 0.98671875 0.4296875 0.0265625 0.15
3 0.90234375 0.68515625 0.1953125 0.2015625
2 0.2828125 0.4109375 0.35859375 0.04140625