8 0.06015625 0.55859375 0.1203125 0.20390625
8 0.19375 0.42578125 0.1125 0.18203125
8 0.3265625 0.546875 0.18984375 0.190625
8 0.5140625 0.5390625 0.2078125 0.15546875
8 0.88515625 0.5703125 0.11953125 0.17578125
8 0.88359375 0.61796875 0.1671875 0.2171875
8 0.7890625 0.74375 0.08203125 0.14765625
8 0.6734375 0.7703125 0.12734375 0.17890625
12 0.97109375 0.690625 0.0484375 0.1640625
2 0.4421875 0.71484375 0.309375 0.1203125
6 0.48125 0.4015625 0.10078125 0.153125
5 0.540625 0.38203125 0.1671875 0.16484375
13 0.2234375 0.18515625 0.2546875 0.0921875