3 0.09375 0.48125 0.17421875 0.1046875
3 0.6328125 0.81875 0.31640625 0.12265625
11 0.05546875 0.47578125 0.046875 0.0375
11 0.6171875 0.81640625 0.05390625 0.05546875
8 0.190625 0.58984375 0.09609375 0.20703125
8 0.303125 0.5296875 0.075 0.19921875
8 0.378125 0.44609375 0.0890625 0.1453125
8 0.49453125 0.43359375 0.0734375 0.15234375
8 0.57421875 0.54140625 0.09609375 0.18984375
12 0.66953125 0.7859375 0.078125 0.22109375
5 0.72109375 0.48203125 0.15859375 0.19375
13 0.2171875 0.18125 0.2296875 0.07734375