13 0.21796875 0.18203125 0.23984375 0.08671875
8 0.16171875 0.62109375 0.20546875 0.1859375
8 0.36640625 0.56171875 0.10546875 0.165625
8 0.43671875 0.5390625 0.07109375 0.1921875
8 0.54609375 0.56796875 0.11015625 0.19296875
8 0.66640625 0.5890625 0.07109375 0.18125
8 0.71640625 0.51796875 0.06953125 0.13828125
8 0.83828125 0.48125 0.1109375 0.1640625
8 0.6140625 0.76484375 0.153125 0.1625
12 0.8328125 0.28671875 0.05546875 0.15859375
2 0.64453125 0.66328125 0.7109375 0.31484375
11 0.1875 0.4546875 0.0625 0.03203125
11 0.01953125 0.890625 0.0328125 0.05078125
10 0.61640625 0.684375 0.02109375 0.01640625