8 0.1734375 0.4359375 0.08125 0.0953125
8 0.15 0.6453125 0.1125 0.13515625
8 0.84453125 0.45546875 0.06171875 0.121875
8 0.93359375 0.68515625 0.12578125 0.14453125
8 0.46171875 0.6890625 0.046875 0.1609375
8 0.51875 0.65546875 0.08671875 0.153125
8 0.4421875 0.475 0.078125 0.0984375
8 0.50703125 0.47421875 0.04765625 0.1
8 0.53984375 0.56171875 0.06484375 0.1203125
8 0.4609375 0.5703125 0.078125 0.1265625
12 0.4921875 0.5359375 0.03984375 0.13125
12 0.509375 0.93046875 0.06796875 0.090625
11 0.01875 0.8109375 0.0375 0.040625
11 0.14609375 0.47890625 0.03984375 0.0265625
11 0.83515625 0.47734375 0.03671875 0.02109375
11 0.9859375 0.81171875 0.02578125 0.03125
2 0.49765625 0.6140625 0.26328125 0.11171875