8 0.1796875 0.4328125 0.0890625 0.14765625
8 0.6953125 0.21015625 0.11796875 0.1796875
8 0.58046875 0.55 0.14140625 0.1671875
12 0.50625 0.721875 0.08359375 0.12890625
11 0.38671875 0.58671875 0.06171875 0.078125
11 0.96328125 0.1 0.03828125 0.0328125
3 0.90625 0.10546875 0.18125 0.10390625
8 0.6921875 0.60390625 0.071875 0.19609375
8 0.590625 0.68671875 0.0890625 0.15546875
8 0.04375 0.26171875 0.0703125 0.17734375
13 0.2203125 0.1875 0.240625 0.07265625
8 0.81484375 0.65546875 0.134375 0.18359375