8 0.10546875 0.409375 0.11015625 0.15234375
8 0.54765625 0.54296875 0.13125 0.16953125
8 0.76796875 0.67109375 0.11640625 0.19453125
8 0.6953125 0.30390625 0.1140625 0.15
8 0.29609375 0.66640625 0.11953125 0.18984375
8 0.26328125 0.478125 0.1375 0.140625
11 0.47109375 0.30859375 0.06328125 0.04609375
11 0.66171875 0.6796875 0.0640625 0.05859375
2 0.11328125 0.4984375 0.20859375 0.15078125
13 0.2203125 0.18359375 0.2390625 0.07578125
12 0.046875 0.86328125 0.075 0.1703125
12 0.67578125 0.80390625 0.1 0.1375