3 0.8609375 0.53359375 0.27734375 0.109375
11 0.06640625 0.621875 0.06328125 0.04375
8 0.0484375 0.51875 0.09609375 0.1375
8 0.27734375 0.5078125 0.1546875 0.15546875
8 0.40546875 0.50546875 0.08125 0.16640625
8 0.53203125 0.5109375 0.13984375 0.15546875
8 0.4484375 0.8078125 0.12421875 0.21953125
8 0.5484375 0.3859375 0.07421875 0.1265625
10 0.3078125 0.559375 0.01796875 0.02578125
12 0.0796875 0.4203125 0.08125 0.15
12 0.8421875 0.9359375 0.09765625 0.128125
12 0.21796875 0.1859375 0.2375 0.09765625