5 0.66015625 0.4921875 0.18828125 0.20703125
6 0.6359375 0.503125 0.12421875 0.18125
8 0.1609375 0.51328125 0.1328125 0.23828125
8 0.446875 0.65 0.13046875 0.2109375
8 0.50859375 0.5078125 0.090625 0.17265625
8 0.475 0.38359375 0.09921875 0.13984375
8 0.75703125 0.39609375 0.10078125 0.19375
8 0.16640625 0.9359375 0.1390625 0.128125
11 0.53828125 0.91484375 0.08125 0.05625
3 0.5265625 0.91171875 0.38828125 0.14765625
13 0.22109375 0.18515625 0.23671875 0.07890625
10 0.53125 0.73671875 0.0203125 0.02109375