8 0.66875 0.6609375 0.171875 0.2
8 0.2265625 0.55859375 0.09375 0.18828125
8 0.334375 0.54765625 0.125 0.20390625
8 0.42109375 0.48828125 0.07890625 0.184375
8 0.478125 0.3703125 0.090625 0.14921875
8 0.509375 0.3625 0.14453125 0.15859375
6 0.7484375 0.3640625 0.09921875 0.1484375
5 0.79453125 0.32890625 0.14453125 0.16171875
13 0.21875 0.18359375 0.24296875 0.084375
11 0.20390625 0.31640625 0.0421875 0.02890625
3 0.20078125 0.315625 0.22734375 0.06875
12 0.04453125 0.9203125 0.0703125 0.159375
8 0.7421875 0.75859375 0.10625 0.134375