8 0.73046875 0.43515625 0.10625 0.159375
8 0.7984375 0.8390625 0.18671875 0.25859375
8 0.64921875 0.67421875 0.1828125 0.2109375
8 0.478125 0.79140625 0.11015625 0.23203125
8 0.5296875 0.65234375 0.07890625 0.1953125
8 0.05 0.6296875 0.09140625 0.1875
8 0.1953125 0.4375 0.1359375 0.17265625
8 0.34296875 0.39609375 0.09140625 0.1578125
8 0.24375 0.3890625 0.08359375 0.1265625
12 0.27421875 0.34140625 0.059375 0.1625
11 0.253125 0.5546875 0.07265625 0.03984375
13 0.21171875 0.1828125 0.22734375 0.0890625