3 0.67109375 0.4234375 0.17890625 0.06484375
11 0.21796875 0.84453125 0.053125 0.0390625
11 0.01796875 0.5109375 0.02890625 0.03125
8 0.16015625 0.4703125 0.10546875 0.14765625
8 0.2609375 0.415625 0.09765625 0.1296875
8 0.24296875 0.57734375 0.08671875 0.1765625
8 0.42109375 0.415625 0.1046875 0.12109375
8 0.42109375 0.54296875 0.11015625 0.14765625
8 0.5234375 0.7328125 0.08515625 0.17890625
8 0.546875 0.62265625 0.078125 0.09765625
8 0.70078125 0.52734375 0.05625 0.1609375
12 0.34609375 0.43828125 0.04375 0.15078125