12 0.58125 0.33203125 0.04921875 0.0984375
8 0.8078125 0.3828125 0.140625 0.1578125
8 0.74296875 0.36171875 0.06328125 0.14296875
8 0.4890625 0.3859375 0.0859375 0.16796875
8 0.58671875 0.44453125 0.1296875 0.153125
8 0.04140625 0.31171875 0.0828125 0.13828125
8 0.24375 0.50703125 0.17265625 0.215625
8 0.10078125 0.5015625 0.10859375 0.2140625
8 0.14921875 0.378125 0.10234375 0.07109375
6 0.26875 0.7234375 0.2109375 0.3421875
5 0.125 0.89765625 0.25 0.2046875
11 0.53984375 0.48515625 0.06328125 0.0328125
3 0.54921875 0.49453125 0.24296875 0.1296875
11 0.2140625 0.31796875 0.04453125 0.025