8 0.16171875 0.409375 0.065625 0.12421875
8 0.14375 0.64453125 0.08125 0.13203125
8 0.85234375 0.47734375 0.0453125 0.1171875
8 0.7875 0.60078125 0.0984375 0.1296875
8 0.63828125 0.5703125 0.08359375 0.10625
8 0.49453125 0.675 0.08515625 0.13671875
8 0.334375 0.68125 0.1 0.1421875
8 0.43828125 0.5828125 0.059375 0.12578125
8 0.4515625 0.48359375 0.040625 0.084375
8 0.496875 0.4828125 0.034375 0.0859375
11 0.17890625 0.48671875 0.0375 0.021875
11 0.0625 0.77109375 0.05 0.03125
11 0.771875 0.48515625 0.03125 0.02421875
11 0.9125 0.76875 0.04765625 0.03203125
2 0.48125 0.60625 0.225 0.11015625
12 0.7828125 0.7890625 0.0515625 0.14921875
12 0.4859375 0.53359375 0.0359375 0.128125
12 0.49609375 0.87734375 0.05 0.0703125