11 0.575 0.45078125 0.05859375 0.03515625
5 0.171875 0.86015625 0.32734375 0.27421875
6 0.29921875 0.65859375 0.1765625 0.334375
8 0.67578125 0.515625 0.14296875 0.26875
8 0.16875 0.446875 0.08125 0.24296875
8 0.278125 0.45390625 0.16640625 0.265625
8 0.2 0.4015625 0.053125 0.203125
8 0.32265625 0.2734375 0.07421875 0.1125
8 0.47890625 0.26640625 0.03984375 0.12109375
8 0.51328125 0.35 0.1015625 0.140625
8 0.77421875 0.328125 0.053125 0.13984375
8 0.83046875 0.3546875 0.12109375 0.14296875
12 0.61640625 0.3546875 0.04921875 0.18828125