11 0.47421875 0.81484375 0.07109375 0.0546875
11 0.6515625 0.41015625 0.05078125 0.040625
8 0.22109375 0.70625 0.1453125 0.2171875
8 0.38671875 0.43984375 0.1171875 0.16328125
8 0.60703125 0.74140625 0.1390625 0.2125
8 0.43671875 0.88671875 0.1390625 0.22421875
8 0.7171875 0.42109375 0.115625 0.1421875
8 0.65546875 0.31953125 0.15078125 0.1265625
8 0.80390625 0.546875 0.0796875 0.1859375
8 0.88515625 0.58125 0.096875 0.2171875
2 0.95234375 0.6359375 0.0765625 0.1671875
13 0.215625 0.18359375 0.23359375 0.084375
12 0.22734375 0.928125 0.08046875 0.14375