11 0.79140625 0.58359375 0.071875 0.03828125
11 0.77421875 0.58046875 0.0078125 0.0015625
8 0.7015625 0.8484375 0.16328125 0.27109375
8 0.94140625 0.60546875 0.11640625 0.19375
8 0.13203125 0.53046875 0.08125 0.1671875
8 0.290625 0.53046875 0.11484375 0.20625
8 0.378125 0.46640625 0.16015625 0.21171875
8 0.49609375 0.50546875 0.1109375 0.1984375
8 0.50546875 0.48203125 0.1703125 0.20546875
3 0.79453125 0.58515625 0.31328125 0.08671875
12 0.096875 0.96953125 0.075 0.06015625
6 0.0625 0.56796875 0.08046875 0.2109375
5 0.04453125 0.59296875 0.07109375 0.18203125
13 0.21015625 0.1828125 0.22734375 0.0828125