8 0.15859375 0.43515625 0.11171875 0.11171875
8 0.18828125 0.6296875 0.10390625 0.1484375
8 0.85234375 0.4890625 0.06328125 0.1265625
8 0.9125 0.6796875 0.11484375 0.14765625
8 0.5453125 0.69609375 0.0703125 0.1515625
8 0.475 0.7 0.09453125 0.15625
8 0.45703125 0.47734375 0.04765625 0.10703125
8 0.5125 0.47421875 0.04453125 0.10859375
8 0.5421875 0.5703125 0.05390625 0.1234375
8 0.4578125 0.5828125 0.06796875 0.1234375
12 0.84375 0.8359375 0.0671875 0.190625
12 0.5078125 0.9328125 0.0625 0.08359375
12 0.4875 0.53203125 0.05 0.14140625
11 0.83125 0.47890625 0.03828125 0.0234375
11 0.9859375 0.8125 0.02578125 0.0359375
11 0.01640625 0.8125 0.028125 0.0328125
11 0.1375 0.4765625 0.03984375 0.02265625
2 0.49453125 0.6109375 0.2703125 0.1265625