8 0.16875 0.64765625 0.15859375 0.23828125
8 0.465625 0.4765625 0.15546875 0.14765625
8 0.6359375 0.6703125 0.1140625 0.221875
8 0.425 0.1296875 0.08515625 0.14296875
8 0.70546875 0.42578125 0.11796875 0.17578125
8 0.6515625 0.27265625 0.1171875 0.13984375
8 0.53046875 0.29375 0.09609375 0.159375
8 0.5671875 0.23515625 0.090625 0.1484375
6 0.78359375 0.3453125 0.09375 0.17265625
5 0.87578125 0.30703125 0.16953125 0.1796875
11 0.76796875 0.64140625 0.0734375 0.04765625
11 0.2125 0.29375 0.0703125 0.03984375
3 0.2140625 0.29453125 0.265625 0.065625
3 0.796875 0.64453125 0.2765625 0.10703125
13 0.21796875 0.184375 0.2375 0.0890625