12 0.5984375 0.9171875 0.0875 0.165625
10 0.69375 0.6953125 0.03125 0.02421875
13 0.21796875 0.18359375 0.2296875 0.0765625
8 0.48984375 0.396875 0.1015625 0.1234375
8 0.878125 0.5140625 0.1375 0.140625
8 0.76640625 0.65859375 0.1296875 0.1921875
8 0.17890625 0.7234375 0.07890625 0.19765625
8 0.49453125 0.59453125 0.1296875 0.16015625
8 0.471875 0.5375 0.1125 0.1171875
8 0.09453125 0.49765625 0.11796875 0.1546875
8 0.0953125 0.39609375 0.103125 0.134375
8 0.18515625 0.43671875 0.07578125 0.13984375