8 0.16328125 0.48828125 0.190625 0.26484375
8 0.3671875 0.37734375 0.09609375 0.17109375
8 0.75078125 0.37890625 0.11015625 0.1625
8 0.8125 0.2625 0.08046875 0.11171875
8 0.653125 0.42421875 0.175 0.2109375
8 0.57109375 0.37890625 0.1046875 0.17734375
8 0.46328125 0.3359375 0.0828125 0.1296875
8 0.4578125 0.28046875 0.05546875 0.1
8 0.03984375 0.3390625 0.06015625 0.1515625
6 0.60078125 0.67890625 0.20078125 0.4109375
5 0.68515625 0.871875 0.49296875 0.25625
6 0.7078125 0.1828125 0.028125 0.05078125
11 0.1234375 0.49921875 0.059375 0.034375
3 0.09609375 0.51796875 0.171875 0.128125
2 0.71796875 0.265625 0.15625 0.04609375