11 0.34140625 0.58359375 0.05390625 0.0375
10 0.1625 0.453125 0.03671875 0.03125
5 0.7796875 0.85703125 0.19609375 0.1890625
6 0.68828125 0.76640625 0.1140625 0.18671875
11 0.45 0.18046875 0.05234375 0.0390625
3 0.346875 0.58984375 0.17578125 0.14296875
8 0.1578125 0.365625 0.14296875 0.13984375
8 0.7984375 0.3734375 0.071875 0.14296875
8 0.8109375 0.53046875 0.084375 0.16171875
8 0.4328125 0.6328125 0.06796875 0.18984375
8 0.496875 0.60390625 0.09765625 0.19453125
8 0.58984375 0.5953125 0.1109375 0.1953125
8 0.8328125 0.1984375 0.071875 0.1421875
8 0.6984375 0.15625 0.09296875 0.1625