8 0.20625 0.41640625 0.06171875 0.1109375
8 0.15078125 0.64609375 0.096875 0.1484375
8 0.37421875 0.71796875 0.05546875 0.1609375
8 0.4921875 0.68671875 0.1390625 0.14296875
8 0.61015625 0.56171875 0.05859375 0.11953125
8 0.44453125 0.575 0.10546875 0.1078125
8 0.5015625 0.47421875 0.04765625 0.0984375
8 0.446875 0.47109375 0.0515625 0.0953125
8 0.8546875 0.47734375 0.04140625 0.12421875
8 0.82109375 0.63046875 0.10625 0.13984375
12 0.80546875 0.8046875 0.0484375 0.15234375
12 0.478125 0.53359375 0.0515625 0.121875
2 0.49921875 0.903125 0.0546875 0.071875
11 0.48671875 0.61640625 0.49375 0.22734375
11 0.159375 0.484375 0.0390625 0.0296875
11 0.03671875 0.78984375 0.05390625 0.0375
11 0.7953125 0.4859375 0.03984375 0.02578125
11 0.94296875 0.7875 0.0515625 0.03046875