8 0.2078125 0.4 0.08125 0.1578125
8 0.27578125 0.39921875 0.11328125 0.13984375
8 0.30859375 0.69765625 0.19296875 0.2
8 0.56796875 0.503125 0.1203125 0.19296875
8 0.4484375 0.41796875 0.13515625 0.18125
8 0.5265625 0.34765625 0.10625 0.16171875
6 0.271875 0.53359375 0.11875 0.175
5 0.2015625 0.55546875 0.17890625 0.18203125
11 0.9625 0.540625 0.05703125 0.03984375
11 0.33828125 0.94375 0.06953125 0.0421875
3 0.3390625 0.940625 0.365625 0.11875
3 0.9015625 0.5421875 0.18125 0.0875
13 0.2171875 0.18515625 0.23984375 0.07890625