11 0.734375 0.86875 0.06640625 0.0421875
11 0.1609375 0.509375 0.046875 0.0359375
3 0.7359375 0.86796875 0.31171875 0.11953125
3 0.140625 0.51328125 0.221875 0.059375
8 0.1 0.6171875 0.18515625 0.17109375
8 0.30234375 0.85078125 0.0921875 0.23828125
8 0.67265625 0.70546875 0.17109375 0.2109375
10 0.559375 0.665625 0.015625 0.0265625
8 0.546875 0.57890625 0.075 0.20390625
8 0.2375 0.4359375 0.1 0.1421875
8 0.3625 0.403125 0.12421875 0.13125
6 0.7328125 0.51015625 0.09375 0.165625
5 0.8421875 0.5265625 0.16171875 0.178125
13 0.21875 0.184375 0.2375 0.08515625
12 0.6046875 0.96328125 0.075 0.07265625