5 0.1796875 0.8765625 0.3421875 0.246875
6 0.31015625 0.74453125 0.209375 0.334375
8 0.09140625 0.3265625 0.12109375 0.128125
8 0.3109375 0.41796875 0.10625 0.2265625
8 0.446875 0.30859375 0.06875 0.1421875
8 0.5 0.29609375 0.065625 0.11484375
8 0.55078125 0.33125 0.07734375 0.14921875
8 0.64140625 0.39296875 0.075 0.1921875
8 0.67109375 0.3828125 0.11484375 0.190625
12 0.93671875 0.36640625 0.071875 0.21015625
8 0.6109375 0.27890625 0.059375 0.1328125
8 0.4171875 0.2578125 0.0515625 0.0984375
11 0.33046875 0.2875 0.0296875 0.025
3 0.64140625 0.47421875 0.21953125 0.11875