5 0.8484375 0.4859375 0.20546875 0.221875
6 0.76171875 0.50390625 0.11015625 0.2046875
3 0.73046875 0.91875 0.4140625 0.1625
3 0.09765625 0.46171875 0.1953125 0.1140625
13 0.221875 0.184375 0.2703125 0.0984375
8 0.434375 0.58671875 0.225 0.1765625
8 0.315625 0.796875 0.31875 0.21484375
8 0.64140625 0.5328125 0.16484375 0.2265625
8 0.475 0.40859375 0.0921875 0.20078125
8 0.55390625 0.4125 0.0609375 0.22890625
8 0.61328125 0.4125 0.11328125 0.2390625
8 0.51328125 0.2671875 0.08671875 0.19453125
10 0.50703125 0.7734375 0.03125 0.034375