8 0.08203125 0.3828125 0.1171875 0.16796875
8 0.4953125 0.54765625 0.14453125 0.16953125
8 0.45859375 0.69296875 0.18984375 0.16015625
8 0.58203125 0.26015625 0.115625 0.13671875
8 0.67578125 0.33046875 0.10859375 0.15703125
8 0.43984375 0.19140625 0.08671875 0.1484375
13 0.22109375 0.1875 0.2375 0.0828125
6 0.740625 0.28359375 0.0859375 0.1265625
11 0.2625 0.2484375 0.03984375 0.03046875
11 0.71953125 0.53984375 0.0515625 0.0359375
3 0.7140625 0.5328125 0.2609375 0.10390625
3 0.25859375 0.26171875 0.2234375 0.0703125