11 0.140625 0.58671875 0.06875 0.04921875
3 0.13359375 0.59375 0.24375 0.1734375
6 0.590625 0.7890625 0.27890625 0.40546875
5 0.73828125 0.92734375 0.5234375 0.1453125
8 0.26328125 0.43203125 0.078125 0.20546875
8 0.34140625 0.41328125 0.08984375 0.14453125
8 0.6140625 0.42890625 0.11171875 0.1890625
8 0.87265625 0.5578125 0.24921875 0.2765625
8 0.71796875 0.396875 0.075 0.15625
8 0.84375 0.36796875 0.07265625 0.1171875
8 0.7828125 0.38203125 0.0484375 0.1359375
8 0.47421875 0.3484375 0.09296875 0.0953125
8 0.53515625 0.3203125 0.05859375 0.096875
8 0.6109375 0.29375 0.05078125 0.08984375