6 0.29296875 0.6078125 0.17421875 0.3171875
8 0.03671875 0.31015625 0.0546875 0.121875
8 0.18203125 0.44140625 0.07578125 0.17421875
8 0.21171875 0.34296875 0.0671875 0.09609375
8 0.25234375 0.440625 0.06796875 0.15625
8 0.42421875 0.27578125 0.0453125 0.1046875
8 0.47734375 0.35390625 0.0859375 0.12578125
8 0.5640625 0.3828125 0.08828125 0.14296875
8 0.64453125 0.3015625 0.090625 0.128125
8 0.80859375 0.35546875 0.0859375 0.14375
12 0.565625 0.33671875 0.03828125 0.159375
11 0.2625 0.29140625 0.01796875 0.015625
5 0.1890625 0.83671875 0.375 0.3265625
3 0.52890625 0.421875 0.20078125 0.103125