5 0.46796875 0.77265625 0.1453125 0.14140625
6 0.56171875 0.6171875 0.07734375 0.11796875
11 0.10703125 0.584375 0.0390625 0.03046875
11 0.82421875 0.57890625 0.0390625 0.03203125
11 0.746875 0.24921875 0.0375 0.02421875
11 0.18046875 0.25390625 0.03671875 0.028125
3 0.825 0.58125 0.125 0.12578125
3 0.10859375 0.5875 0.13203125 0.11640625
8 0.4921875 0.43828125 0.10078125 0.1140625
8 0.66875 0.40390625 0.09375 0.090625
8 0.3609375 0.3421875 0.065625 0.11015625
8 0.42109375 0.2671875 0.11796875 0.0765625
8 0.51015625 0.1859375 0.08203125 0.07265625
8 0.696875 0.1171875 0.08671875 0.08515625
2 0.46015625 0.12734375 0.20078125 0.09296875