8 0.16796875 0.565625 0.14609375 0.175
8 0.3546875 0.78359375 0.121875 0.178125
8 0.69921875 0.69765625 0.13984375 0.184375
8 0.93203125 0.6078125 0.10546875 0.17421875
8 0.80234375 0.2734375 0.09140625 0.15390625
8 0.58203125 0.3390625 0.121875 0.1546875
8 0.3765625 0.44375 0.14375 0.17265625
8 0.22578125 0.31796875 0.1265625 0.159375
11 0.6265625 0.2671875 0.059375 0.03359375
11 0.80859375 0.63828125 0.06875 0.05390625
12 0.59140625 0.79140625 0.0984375 0.1265625
12 0.0625 0.77265625 0.11640625 0.203125
2 0.26875 0.4515625 0.5375 0.3125
13 0.22265625 0.18203125 0.25078125 0.0875