8 0.62265625 0.6078125 0.09609375 0.1296875
8 0.090625 0.51640625 0.11484375 0.14609375
8 0.1921875 0.44765625 0.109375 0.14296875
8 0.7140625 0.40078125 0.15703125 0.1296875
8 0.7453125 0.31875 0.09453125 0.13671875
8 0.034375 0.290625 0.0515625 0.15
8 0.8296875 0.32890625 0.06171875 0.11875
12 0.62109375 0.34453125 0.065625 0.10859375
6 0.21015625 0.26015625 0.06015625 0.11640625
5 0.153125 0.240625 0.11640625 0.1
11 0.51484375 0.36796875 0.03984375 0.028125
11 0.58125 0.6328125 0.04453125 0.0296875
3 0.51328125 0.36875 0.140625 0.0921875
2 0.17109375 0.8296875 0.32890625 0.159375