11 0.11171875 0.4046875 0.05390625 0.05
11 0.028125 0.7984375 0.0390625 0.05546875
11 0.9296875 0.39765625 0.0625 0.04765625
11 0.1734375 0.140625 0.034375 0.03359375
11 0.8703125 0.140625 0.03828125 0.03125
3 0.86953125 0.140625 0.159375 0.09609375
3 0.175 0.13515625 0.153125 0.09453125
2 0.51015625 0.57421875 0.44765625 0.15703125
8 0.66875 0.575 0.0875 0.14375
8 0.23046875 0.76796875 0.1421875 0.1453125
8 0.1625 0.86484375 0.16484375 0.17109375
8 0.4296875 0.953125 0.09609375 0.09375
8 0.4546875 0.3640625 0.08984375 0.1625
10 0.609375 0.57890625 0.02265625 0.0265625