2 0.3 0.60546875 0.5953125 0.3125
11 0.91875 0.83671875 0.078125 0.07578125
11 0.69296875 0.396875 0.06171875 0.028125
12 0.5015625 0.90859375 0.125 0.18203125
12 0.7390625 0.19765625 0.078125 0.125
8 0.3328125 0.4234375 0.09609375 0.1828125
8 0.41484375 0.53359375 0.0671875 0.20078125
8 0.53671875 0.5609375 0.19609375 0.190625
8 0.83828125 0.6640625 0.21484375 0.16796875
8 0.821875 0.515625 0.18046875 0.15
8 0.75625 0.4296875 0.1171875 0.1453125
8 0.7203125 0.34296875 0.1625 0.11484375
8 0.92734375 0.38359375 0.1453125 0.171875
10 0.615625 0.66484375 0.01640625 0.02109375