8 0.22734375 0.5171875 0.09296875 0.17109375
8 0.3859375 0.58671875 0.15546875 0.21015625
8 0.66796875 0.5359375 0.11015625 0.1515625
8 0.7921875 0.6984375 0.1375 0.221875
8 0.65390625 0.74765625 0.12265625 0.17109375
8 0.31953125 0.47421875 0.06484375 0.1796875
8 0.2375 0.42890625 0.065625 0.13359375
8 0.43046875 0.45 0.075 0.1796875
6 0.52421875 0.415625 0.08125 0.15
12 0.296875 0.271875 0.0625 0.11484375
12 0.51796875 0.6046875 0.078125 0.2125
5 0.57734375 0.371875 0.14296875 0.1578125
11 0.49375 0.6765625 0.05703125 0.03984375
3 0.48828125 0.6796875 0.28046875 0.14140625
3 0.04296875 0.36015625 0.0859375 0.07734375