5 0.75234375 0.84140625 0.48359375 0.31640625
6 0.66171875 0.646875 0.1828125 0.28125
12 0.19140625 0.378125 0.06640625 0.1765625
8 0.27578125 0.378125 0.0953125 0.19453125
8 0.39921875 0.36796875 0.0765625 0.1859375
8 0.44921875 0.3375 0.06484375 0.14609375
8 0.55 0.275 0.04375 0.08828125
8 0.86640625 0.35625 0.10078125 0.16328125
8 0.7546875 0.271875 0.04765625 0.09453125
8 0.753125 0.47109375 0.11484375 0.24140625
8 0.62734375 0.34140625 0.05625 0.14453125
8 0.67578125 0.34375 0.06171875 0.15