3 0.20234375 0.890625 0.39375 0.15625
3 0.76484375 0.50390625 0.27734375 0.109375
8 0.5921875 0.75546875 0.20859375 0.2375
8 0.1796875 0.64140625 0.16953125 0.1984375
8 0.290625 0.52265625 0.08984375 0.20078125
8 0.246875 0.575 0.06953125 0.1109375
8 0.54296875 0.42734375 0.09921875 0.2
8 0.603125 0.5515625 0.08671875 0.18046875
8 0.696875 0.43671875 0.1453125 0.14453125
8 0.91171875 0.3828125 0.109375 0.221875
6 0.20234375 0.496875 0.07890625 0.18046875
5 0.0703125 0.5171875 0.140625 0.23046875
13 0.22578125 0.1828125 0.24609375 0.0921875