13 0.21796875 0.18203125 0.23984375 0.07578125
8 0.571875 0.34765625 0.15703125 0.1921875
8 0.671875 0.73828125 0.19453125 0.17890625
8 0.50859375 0.6984375 0.121875 0.16484375
8 0.31953125 0.63984375 0.16875 0.18125
8 0.20703125 0.63125 0.0859375 0.11015625
8 0.38046875 0.45546875 0.15859375 0.17890625
8 0.33046875 0.3390625 0.14296875 0.1484375
6 0.309375 0.2734375 0.065625 0.13359375
5 0.296875 0.23515625 0.14765625 0.1609375
11 0.3984375 0.54609375 0.046875 0.0359375
3 0.409375 0.546875 0.28671875 0.096875
11 0.89140625 0.22578125 0.04921875 0.03984375
3 0.878125 0.2296875 0.23125 0.090625