8 0.1046875 0.42734375 0.0625 0.1
8 0.140625 0.64921875 0.06484375 0.115625
8 0.36484375 0.6390625 0.06171875 0.12265625
8 0.53359375 0.6421875 0.05703125 0.1671875
8 0.61875 0.59453125 0.08359375 0.11640625
8 0.7484375 0.59609375 0.04609375 0.12421875
8 0.82734375 0.49609375 0.0625 0.11171875
11 0.8765625 0.75234375 0.04453125 0.03671875
11 0.7484375 0.48984375 0.03828125 0.0296875
11 0.2 0.4921875 0.03515625 0.02109375
11 0.09609375 0.75390625 0.0421875 0.02890625
12 0.7578125 0.76875 0.04453125 0.1359375
12 0.49453125 0.853125 0.053125 0.065625
12 0.48359375 0.53125 0.03203125 0.1203125
8 0.421875 0.57734375 0.04921875 0.09765625
8 0.4546875 0.490625 0.03828125 0.078125
2 0.47265625 0.60859375 0.22890625 0.11796875
8 0.4953125 0.4796875 0.03671875 0.0953125