11 0.61953125 0.5203125 0.06640625 0.02890625
3 0.628125 0.5296875 0.271875 0.12578125
8 0.25546875 0.57109375 0.1984375 0.34609375
8 0.87421875 0.52421875 0.1125 0.2859375
8 0.73046875 0.4171875 0.09765625 0.22578125
8 0.61171875 0.39140625 0.1890625 0.15390625
8 0.26171875 0.2578125 0.0734375 0.1109375
8 0.065625 0.49375 0.096875 0.334375
8 0.43359375 0.4171875 0.12265625 0.22578125
8 0.4921875 0.28515625 0.08515625 0.1546875
12 0.890625 0.32109375 0.06171875 0.19609375
12 0.546875 0.234375 0.05234375 0.1390625
6 0.1625 0.78671875 0.29453125 0.4109375
5 0.11796875 0.95078125 0.22734375 0.09765625