12 0.7640625 0.1875 0.065625 0.1328125
6 0.4453125 0.38359375 0.075 0.1421875
5 0.3953125 0.3390625 0.14765625 0.16171875
8 0.58828125 0.41796875 0.0796875 0.190625
8 0.6796875 0.465625 0.08671875 0.17265625
8 0.73203125 0.40703125 0.1359375 0.13515625
8 0.7734375 0.496875 0.14140625 0.1609375
8 0.5703125 0.60234375 0.10625 0.19140625
8 0.37578125 0.74921875 0.1171875 0.18515625
8 0.22109375 0.71328125 0.15859375 0.18515625
12 0.46171875 0.59375 0.08203125 0.22890625
11 0.5109375 0.6625 0.05390625 0.05