5 0.1875 0.83203125 0.375 0.33515625
8 0.11015625 0.28984375 0.07265625 0.128125
8 0.365625 0.26484375 0.05703125 0.11015625
8 0.8375 0.3359375 0.05703125 0.1515625
8 0.19140625 0.4453125 0.0859375 0.1875
8 0.24921875 0.4375 0.0859375 0.16640625
8 0.2078125 0.3515625 0.05703125 0.159375
8 0.4734375 0.35 0.09140625 0.11640625
8 0.56171875 0.38203125 0.09609375 0.13515625
8 0.659375 0.3109375 0.05546875 0.1015625
6 0.2859375 0.5984375 0.1359375 0.31875
12 0.56328125 0.29453125 0.03828125 0.07734375
11 0.5234375 0.4203125 0.0515625 0.02265625
11 0.2625 0.2875 0.03046875 0.01796875
3 0.5265625 0.4296875 0.19453125 0.10234375