8 0.76875 0.35546875 0.14375 0.1515625
8 0.6609375 0.32578125 0.09609375 0.16875
8 0.21875 0.403125 0.1234375 0.246875
8 0.06015625 0.56328125 0.1203125 0.35234375
8 0.13203125 0.303125 0.10078125 0.15078125
8 0.1203125 0.196875 0.1078125 0.1
10 0.77421875 0.36640625 0.01640625 0.028125
6 0.22890625 0.74765625 0.240625 0.42109375
5 0.1390625 0.8484375 0.278125 0.303125
3 0.44296875 0.41015625 0.23046875 0.13046875
12 0.36484375 0.19140625 0.046875 0.11171875
12 0.421875 0.21328125 0.04609375 0.11953125