8 0.32578125 0.59765625 0.07421875 0.1125
8 0.0578125 0.653125 0.05546875 0.11484375
8 0.01875 0.56640625 0.02578125 0.11171875
8 0.428125 0.4984375 0.04765625 0.096875
8 0.7 0.6 0.04375 0.12578125
8 0.759375 0.61328125 0.05625 0.11015625
8 0.78984375 0.49609375 0.03671875 0.0703125
8 0.51015625 0.696875 0.08046875 0.11953125
8 0.390625 0.6984375 0.04453125 0.109375
12 0.48046875 0.5484375 0.028125 0.0953125
8 0.490625 0.50546875 0.03125 0.06875
12 0.6953125 0.73828125 0.03515625 0.1046875
11 0.78671875 0.71875 0.034375 0.0359375
11 0.6921875 0.5171875 0.03046875 0.02890625
11 0.2640625 0.515625 0.0265625 0.028125
11 0.1875 0.71953125 0.03359375 0.0375
12 0.490625 0.80234375 0.04765625 0.04609375
2 0.47578125 0.603125 0.17734375 0.08515625