8 0.1671875 0.58984375 0.146875 0.14453125
8 0.278125 0.66796875 0.16875 0.1609375
8 0.3 0.8265625 0.1265625 0.2109375
8 0.53671875 0.903125 0.1984375 0.19375
8 0.5546875 0.67265625 0.17578125 0.16953125
8 0.81953125 0.7890625 0.1765625 0.2234375
8 0.4890625 0.49375 0.10859375 0.1984375
8 0.6453125 0.6140625 0.15078125 0.16796875
8 0.6484375 0.51171875 0.12578125 0.1640625
8 0.890625 0.4671875 0.12265625 0.16953125
11 0.209375 0.853125 0.05234375 0.03046875
3 0.2890625 0.509375 0.20078125 0.1
6 0.66015625 0.384375 0.11484375 0.15
5 0.73984375 0.346875 0.15859375 0.13671875