8 0.08203125 0.65078125 0.06796875 0.1265625
8 0.3390625 0.578125 0.059375 0.096875
8 0.44453125 0.6984375 0.07265625 0.1234375
8 0.50859375 0.678125 0.06796875 0.1203125
8 0.40390625 0.49296875 0.03984375 0.090625
8 0.8015625 0.5 0.06484375 0.0953125
8 0.68359375 0.615625 0.065625 0.10859375
8 0.76484375 0.6171875 0.04453125 0.11328125
8 0.02421875 0.528125 0.04609375 0.0921875
8 0.49453125 0.49609375 0.03359375 0.08515625
12 0.490625 0.5390625 0.05234375 0.096875
12 0.71171875 0.7390625 0.04375 0.1203125
11 0.25 0.51015625 0.03125 0.0265625
11 0.16875 0.72421875 0.03984375 0.028125
11 0.80546875 0.721875 0.04609375 0.0296875
11 0.70234375 0.51015625 0.03359375 0.0234375
2 0.4828125 0.59765625 0.175 0.09375
12 0.49140625 0.80625 0.04609375 0.05625