5 0.7140625 0.3984375 0.1453125 0.13515625
8 0.421875 0.58828125 0.1 0.17890625
8 0.49921875 0.61875 0.0921875 0.18046875
8 0.93984375 0.75546875 0.1203125 0.2359375
8 0.11640625 0.4453125 0.09140625 0.1609375
8 0.0453125 0.57578125 0.090625 0.1875
8 0.20859375 0.52890625 0.10859375 0.1828125
8 0.26015625 0.44765625 0.06875 0.11640625
8 0.1828125 0.46640625 0.071875 0.15078125
8 0.54453125 0.4265625 0.0953125 0.17109375
8 0.65546875 0.4265625 0.084375 0.13359375
11 0.1859375 0.9015625 0.07421875 0.05078125
3 0.2578125 0.56171875 0.1859375 0.103125