8 0.17265625 0.43515625 0.09765625 0.096875
8 0.15625 0.64765625 0.12109375 0.140625
8 0.85234375 0.46328125 0.07578125 0.1140625
8 0.91796875 0.6828125 0.1234375 0.1453125
8 0.43984375 0.46953125 0.0671875 0.06875
8 0.51015625 0.48046875 0.053125 0.08515625
8 0.44921875 0.57734375 0.0640625 0.11484375
8 0.48203125 0.68046875 0.053125 0.12265625
8 0.5328125 0.678125 0.0609375 0.13125
8 0.53828125 0.56953125 0.08515625 0.103125
12 0.478125 0.52734375 0.05234375 0.12265625
12 0.50625 0.93828125 0.06953125 0.0890625
11 0.0171875 0.8125 0.02421875 0.0296875
11 0.13515625 0.48125 0.04375 0.015625
11 0.82109375 0.478125 0.0265625 0.01640625
11 0.9828125 0.81171875 0.02578125 0.0359375
2 0.4890625 0.625 0.546875 0.23828125