6 0.6015625 0.31015625 0.11171875 0.159375
5 0.58046875 0.309375 0.18515625 0.18359375
8 0.428125 0.41640625 0.14609375 0.19609375
8 0.553125 0.71171875 0.20234375 0.17109375
8 0.22109375 0.6234375 0.09765625 0.15234375
8 0.29453125 0.56953125 0.10390625 0.165625
8 0.27578125 0.44375 0.096875 0.153125
8 0.33984375 0.49453125 0.09921875 0.209375
8 0.75625 0.34296875 0.11796875 0.2578125
3 0.6796875 0.6453125 0.28828125 0.17421875
12 0.53671875 0.7484375 0.09609375 0.121875
13 0.2171875 0.1828125 0.23828125 0.1