8 0.3265625 0.44296875 0.11953125 0.16484375
8 0.29609375 0.7078125 0.20859375 0.22734375
8 0.13984375 0.7859375 0.171875 0.20546875
8 0.76171875 0.55078125 0.15546875 0.16640625
8 0.89921875 0.5875 0.08671875 0.17578125
8 0.08125 0.36015625 0.08828125 0.1484375
12 0.23125 0.934375 0.08515625 0.13125
11 0.45078125 0.3984375 0.03828125 0.0296875
3 0.465625 0.3984375 0.1953125 0.0859375
11 0.9 0.6890625 0.06328125 0.04765625
3 0.88046875 0.70078125 0.2296875 0.11640625
13 0.2203125 0.18203125 0.2421875 0.0875
5 0.95859375 0.4 0.0828125 0.109375