8 0.91875 0.41484375 0.1125 0.19921875
8 0.72578125 0.62578125 0.10703125 0.16796875
8 0.41328125 0.48828125 0.13515625 0.184375
8 0.26796875 0.6 0.06953125 0.19921875
8 0.390625 0.678125 0.08515625 0.159375
8 0.31953125 0.615625 0.07734375 0.1859375
6 0.74453125 0.4140625 0.0890625 0.16796875
5 0.73359375 0.396875 0.1609375 0.16796875
11 0.85 0.74296875 0.06171875 0.04296875
3 0.85625 0.75078125 0.26484375 0.14140625
12 0.7734375 0.871875 0.0828125 0.1578125
13 0.221875 0.18125 0.246875 0.07734375