8 0.24609375 0.6515625 0.1265625 0.15078125
8 0.22421875 0.8421875 0.12265625 0.178125
8 0.36328125 0.58671875 0.0921875 0.13984375
8 0.4671875 0.53359375 0.071875 0.14609375
8 0.77421875 0.60703125 0.0703125 0.14296875
8 0.5171875 0.7546875 0.12109375 0.1703125
8 0.390625 0.96171875 0.0984375 0.07578125
8 0.04296875 0.91015625 0.06328125 0.17109375
8 0.0375 0.78359375 0.053125 0.1265625
6 0.56484375 0.31875 0.0828125 0.1078125
8 0.559375 0.90390625 0.15390625 0.18359375
2 0.5671875 0.8953125 0.40078125 0.18125
11 0.11328125 0.6984375 0.05703125 0.0578125
11 0.1859375 0.41640625 0.03671875 0.0375
11 0.95078125 0.4171875 0.04453125 0.02890625
3 0.1890625 0.4140625 0.1375 0.103125
3 0.9375 0.4140625 0.10703125 0.0890625