13 0.2203125 0.1859375 0.24140625 0.1015625
8 0.2171875 0.4765625 0.20625 0.20625
8 0.25546875 0.70625 0.15234375 0.225
8 0.54609375 0.853125 0.1140625 0.2796875
8 0.57421875 0.41484375 0.11953125 0.1421875
8 0.7265625 0.334375 0.12734375 0.15078125
8 0.8421875 0.4703125 0.14140625 0.19375
8 0.70234375 0.6140625 0.096875 0.21875
8 0.87578125 0.64375 0.14296875 0.159375
10 0.69609375 0.46640625 0.01875 0.02421875
11 0.31640625 0.3515625 0.0484375 0.0421875
11 0.1484375 0.765625 0.09765625 0.034375
2 0.69921875 0.546875 0.6015625 0.35234375
12 0.05390625 0.89453125 0.0953125 0.21015625