8 0.75390625 0.6625 0.2578125 0.19375
8 0.25546875 0.6625 0.21015625 0.2171875
8 0.69453125 0.50703125 0.1375 0.225
8 0.17421875 0.4921875 0.078125 0.18125
8 0.25859375 0.49140625 0.12421875 0.17265625
8 0.75078125 0.35625 0.14765625 0.07890625
6 0.64765625 0.44375 0.06796875 0.17578125
11 0.75546875 0.796875 0.078125 0.0375
3 0.77421875 0.80234375 0.32265625 0.14296875
13 0.21953125 0.17890625 0.24453125 0.08046875
10 0.48515625 0.74921875 0.0234375 0.01953125
12 0.39375 0.8109375 0.0984375 0.1609375