5 0.4703125 0.7296875 0.15390625 0.14609375
6 0.5625 0.596875 0.07109375 0.1234375
10 0.67890625 0.46171875 0.0171875 0.028125
11 0.84453125 0.5296875 0.0421875 0.03828125
11 0.09375 0.534375 0.04375 0.03203125
3 0.09453125 0.5375 0.13671875 0.12890625
3 0.8484375 0.5265625 0.13984375 0.12421875
11 0.16875 0.1875 0.03828125 0.02421875
11 0.76171875 0.1796875 0.03984375 0.034375
8 0.3734375 0.3265625 0.065625 0.1328125
8 0.43125 0.25859375 0.07734375 0.09296875
8 0.51640625 0.165625 0.09453125 0.096875
8 0.709375 0.0953125 0.07890625 0.0765625
8 0.578125 0.44453125 0.16875 0.10546875
8 0.6703125 0.40546875 0.103125 0.10234375
2 0.478125 0.08125 0.21328125 0.0421875