8 0.8765625 0.42890625 0.16171875 0.190625
8 0.83203125 0.70078125 0.215625 0.22890625
8 0.3796875 0.73984375 0.1609375 0.20546875
8 0.48125 0.5671875 0.20859375 0.190625
8 0.1828125 0.57421875 0.1640625 0.19921875
8 0.07890625 0.8640625 0.14296875 0.19765625
8 0.059375 0.4515625 0.10078125 0.21015625
12 0.946875 0.88046875 0.07890625 0.17421875
12 0.07890625 0.215625 0.0421875 0.125
13 0.21796875 0.1828125 0.246875 0.0953125
2 0.471875 0.50078125 0.3328125 0.153125
11 0.9109375 0.321875 0.07734375 0.034375
11 0.0234375 0.3203125 0.0359375 0.0375