6 0.39765625 0.6390625 0.27578125 0.29921875
5 0.26953125 0.878125 0.5390625 0.24375
8 0.11796875 0.246875 0.13046875 0.17578125
8 0.29765625 0.36171875 0.23671875 0.2765625
8 0.4828125 0.32421875 0.27578125 0.1640625
8 0.5359375 0.271875 0.0859375 0.159375
8 0.53828125 0.1453125 0.0515625 0.1171875
8 0.6140625 0.1328125 0.09609375 0.13125
12 0.91875 0.13671875 0.0578125 0.17265625
11 0.96328125 0.44609375 0.0734375 0.0453125
3 0.90703125 0.4390625 0.18515625 0.14609375
2 0.228125 0.159375 0.2109375 0.059375