12 0.159375 0.87734375 0.115625 0.21953125
12 0.84609375 0.1875 0.11875 0.1734375
8 0.22578125 0.31015625 0.1328125 0.1625
8 0.69140625 0.4265625 0.21640625 0.16328125
8 0.88359375 0.43046875 0.1546875 0.18046875
8 0.15078125 0.54609375 0.16953125 0.159375
8 0.46171875 0.89296875 0.27734375 0.2140625
8 0.209375 0.76171875 0.125 0.17578125
12 0.7125 0.92890625 0.134375 0.1421875
11 0.3171875 0.7453125 0.06875 0.0671875
11 0.50234375 0.3109375 0.06171875 0.0296875
2 0.79765625 0.54375 0.39765625 0.35390625
13 0.22109375 0.18515625 0.246875 0.0875