3 0.31796875 0.31015625 0.18828125 0.0625
11 0.3234375 0.31328125 0.034375 0.03046875
8 0.8265625 0.5390625 0.071875 0.153125
8 0.075 0.85625 0.08984375 0.19453125
8 0.6953125 0.37265625 0.10078125 0.1234375
8 0.74609375 0.36875 0.071875 0.1265625
6 0.79609375 0.34921875 0.0484375 0.115625
5 0.8109375 0.3265625 0.1140625 0.125
8 0.78984375 0.68203125 0.07734375 0.09375
8 0.50078125 0.76875 0.16484375 0.1234375
8 0.5453125 0.75078125 0.0953125 0.11015625
12 0.778125 0.62109375 0.05859375 0.1109375
8 0.925 0.6171875 0.07109375 0.1515625
3 0.72109375 0.578125 0.20859375 0.09765625
11 0.73359375 0.5734375 0.0421875 0.03984375
13 0.2171875 0.1828125 0.2359375 0.08125