13 0.22265625 0.18359375 0.2453125 0.08515625
12 0.14453125 0.9 0.11953125 0.1484375
12 0.41328125 0.171875 0.065625 0.15078125
8 0.315625 0.82265625 0.15625 0.20546875
8 0.40390625 0.51953125 0.12109375 0.18515625
8 0.59375 0.7484375 0.196875 0.2078125
8 0.73359375 0.65078125 0.159375 0.21171875
8 0.9046875 0.5171875 0.12421875 0.19140625
8 0.68359375 0.36484375 0.09296875 0.2125
8 0.7828125 0.35703125 0.096875 0.171875
8 0.9015625 0.3078125 0.10390625 0.1515625
5 0.953125 0.28984375 0.09375 0.16953125