5 0.19921875 0.84453125 0.3828125 0.31015625
6 0.33203125 0.63359375 0.1453125 0.31328125
8 0.18359375 0.44921875 0.0828125 0.26484375
8 0.22890625 0.38515625 0.0734375 0.1828125
8 0.33359375 0.43125 0.1578125 0.22890625
8 0.53203125 0.43671875 0.09375 0.2234375
8 0.3859375 0.26796875 0.05 0.11484375
8 0.48046875 0.26015625 0.0359375 0.125
8 0.82578125 0.353125 0.1234375 0.1359375
8 0.7265625 0.29453125 0.05625 0.15234375
12 0.6234375 0.346875 0.05625 0.18203125
11 0.58359375 0.43671875 0.03828125 0.03984375
8 0.51953125 0.3234375 0.05703125 0.16015625