12 0.0546875 0.91640625 0.07109375 0.16640625
8 0.13828125 0.78984375 0.09453125 0.19609375
8 0.43984375 0.578125 0.0890625 0.1734375
8 0.59453125 0.6515625 0.11015625 0.153125
8 0.56171875 0.5375 0.06328125 0.12890625
8 0.959375 0.6234375 0.07109375 0.1546875
8 0.7921875 0.4703125 0.071875 0.16953125
8 0.71015625 0.46953125 0.05859375 0.109375
12 0.6625 0.4859375 0.05 0.1671875
11 0.15 0.934375 0.05859375 0.0390625
3 0.15390625 0.93984375 0.28046875 0.0921875
6 0.14765625 0.60234375 0.0828125 0.17109375
5 0.05859375 0.62265625 0.0984375 0.15390625
13 0.21328125 0.184375 0.2328125 0.08515625