12 0.0515625 0.45625 0.07421875 0.24375
12 0.8375 0.240625 0.040625 0.09453125
8 0.21640625 0.48515625 0.175 0.23046875
8 0.3921875 0.43046875 0.1859375 0.190625
8 0.33125 0.565625 0.16484375 0.21875
8 0.5046875 0.3046875 0.06796875 0.1265625
8 0.57421875 0.30234375 0.06796875 0.1328125
8 0.83125 0.4296875 0.13203125 0.190625
3 0.62578125 0.45390625 0.21328125 0.10546875
6 0.86953125 0.75859375 0.24609375 0.41484375
5 0.915625 0.8765625 0.16796875 0.246875
11 0.9328125 0.309375 0.03046875 0.01875