8 0.046875 0.709375 0.09375 0.2375
8 0.065625 0.51953125 0.1296875 0.21796875
8 0.4984375 0.47265625 0.11015625 0.18984375
8 0.60078125 0.4546875 0.08515625 0.1796875
8 0.75 0.4796875 0.10703125 0.14609375
8 0.61328125 0.65390625 0.1109375 0.17109375
8 0.7125 0.6265625 0.09921875 0.2140625
12 0.80859375 0.62890625 0.065625 0.19765625
6 0.359375 0.4359375 0.08203125 0.14921875
5 0.3640625 0.4140625 0.1703125 0.1734375
13 0.2203125 0.1796875 0.24453125 0.090625
3 0.30390625 0.70703125 0.2609375 0.1765625