6 0.39921875 0.69453125 0.31484375 0.41015625
5 0.315625 0.87734375 0.60078125 0.24453125
8 0.10859375 0.2453125 0.140625 0.19921875
8 0.28984375 0.37109375 0.2203125 0.3140625
8 0.484375 0.3234375 0.27421875 0.20078125
8 0.51875 0.28203125 0.0828125 0.18046875
8 0.5390625 0.14609375 0.05 0.121875
8 0.6171875 0.13203125 0.09609375 0.11796875
8 0.7515625 0.121875 0.08671875 0.134375
3 0.9046875 0.45703125 0.190625 0.1640625
12 0.9203125 0.14765625 0.0625 0.18828125
2 0.240625 0.16171875 0.384375 0.09765625
10 0.56171875 0.309375 0.03515625 0.0359375