5 0.11328125 0.909375 0.2078125 0.18125
6 0.25390625 0.7421875 0.20625 0.35625
12 0.5796875 0.33671875 0.05390625 0.103125
8 0.096875 0.4875 0.096875 0.27578125
8 0.24609375 0.5015625 0.184375 0.18984375
8 0.153125 0.43515625 0.078125 0.19453125
8 0.4859375 0.29609375 0.0859375 0.08359375
8 0.74140625 0.353125 0.06875 0.14453125
8 0.803125 0.38671875 0.134375 0.140625
8 0.49140625 0.40859375 0.09140625 0.1625
8 0.596875 0.4421875 0.10703125 0.15078125
11 0.20703125 0.31953125 0.0515625 0.02265625