12 0.8328125 0.8265625 0.046875 0.17421875
12 0.50703125 0.9265625 0.06328125 0.07890625
12 0.47578125 0.534375 0.0546875 0.13671875
8 0.85390625 0.48515625 0.07578125 0.121875
8 0.878125 0.6640625 0.1125 0.14453125
8 0.19140625 0.44609375 0.09296875 0.11328125
8 0.16875 0.63828125 0.1171875 0.1578125
8 0.44375 0.7296875 0.09921875 0.16484375
8 0.534375 0.7015625 0.07265625 0.159375
8 0.56328125 0.56640625 0.05390625 0.1234375
8 0.45390625 0.5796875 0.06328125 0.1171875
8 0.45390625 0.475 0.046875 0.0859375
8 0.50234375 0.48203125 0.03984375 0.10390625
11 0.14375 0.48125 0.03671875 0.02265625
11 0.0203125 0.80390625 0.040625 0.0390625
11 0.82265625 0.48125 0.03984375 0.025
11 0.9796875 0.80546875 0.03671875 0.03984375
2 0.49140625 0.615625 0.25703125 0.1203125