11 0.10078125 0.65859375 0.07109375 0.0546875
11 0.24921875 0.27109375 0.04375 0.02734375
2 0.66875 0.45859375 0.6609375 0.2765625
8 0.11484375 0.3875 0.15390625 0.1796875
8 0.15625 0.32265625 0.07109375 0.175
8 0.18671875 0.7703125 0.09375 0.221875
8 0.7515625 0.8109375 0.20703125 0.1671875
8 0.9046875 0.80546875 0.184375 0.21171875
8 0.91171875 0.71875 0.1765625 0.184375
8 0.415625 0.18515625 0.13046875 0.165625
12 0.52890625 0.8046875 0.11796875 0.14453125
12 0.94375 0.1484375 0.0734375 0.18046875
13 0.21953125 0.18046875 0.25 0.0890625