8 0.35703125 0.33828125 0.1421875 0.18125
8 0.421875 0.67265625 0.08359375 0.25703125
8 0.81171875 0.4015625 0.1078125 0.16875
8 0.82890625 0.60234375 0.1578125 0.11640625
8 0.92734375 0.54453125 0.09453125 0.1765625
6 0.578125 0.290625 0.1 0.13984375
5 0.58828125 0.25703125 0.14765625 0.16015625
13 0.21875 0.184375 0.23515625 0.08515625
12 0.05390625 0.1171875 0.0546875 0.1296875
11 0.50390625 0.5703125 0.0578125 0.0484375
3 0.50234375 0.56796875 0.2640625 0.0984375
8 0.321875 0.75390625 0.1125 0.17109375