5 0.52265625 0.89375 0.14609375 0.10859375
8 0.75703125 0.41484375 0.0546875 0.1203125
8 0.4765625 0.459375 0.078125 0.10859375
8 0.37265625 0.14296875 0.07265625 0.084375
8 0.5546875 0.23515625 0.075 0.075
2 0.52578125 0.2828125 0.21015625 0.11015625
11 0.1828125 0.73125 0.0421875 0.03984375
11 0.87734375 0.7375 0.0578125 0.03515625
3 0.17578125 0.73046875 0.1953125 0.14765625
3 0.88125 0.740625 0.146875 0.14296875
11 0.30859375 0.1984375 0.03046875 0.034375
11 0.7546875 0.19609375 0.03203125 0.0359375
11 0.8046875 0.41328125 0.0296875 0.03203125
6 0.6234375 0.71484375 0.1 0.134375