8 0.91484375 0.515625 0.12734375 0.184375
8 0.82578125 0.61171875 0.1078125 0.1453125
8 0.74765625 0.59453125 0.09296875 0.140625
8 0.5375 0.45546875 0.06796875 0.1546875
8 0.6625 0.409375 0.06875 0.11015625
8 0.3453125 0.54296875 0.0984375 0.1484375
8 0.2703125 0.453125 0.0640625 0.16875
8 0.7375 0.3828125 0.046875 0.04296875
12 0.73359375 0.4546875 0.0515625 0.125
12 0.58671875 0.9421875 0.0875 0.115625
11 0.9625 0.9734375 0.075 0.053125
11 0.72890625 0.5421875 0.0390625 0.02421875
2 0.315625 0.7453125 0.63046875 0.31328125