3 0.22734375 0.378125 0.13984375 0.09453125
3 0.90703125 0.37890625 0.1453125 0.08203125
2 0.559375 0.8078125 0.63984375 0.25625
11 0.159375 0.6265625 0.0375 0.03046875
11 0.96796875 0.63203125 0.04921875 0.03984375
6 0.5703125 0.2875 0.078125 0.11171875
5 0.5734375 0.2484375 0.14765625 0.115625
8 0.06796875 0.89375 0.1015625 0.20078125
8 0.41796875 0.95 0.1984375 0.1
8 0.71328125 0.59765625 0.08359375 0.15625
8 0.0390625 0.7734375 0.078125 0.121875
8 0.1640625 0.8296875 0.12421875 0.20390625
8 0.1984375 0.64296875 0.08046875 0.1515625
8 0.31640625 0.5484375 0.07265625 0.15625
8 0.45859375 0.5125 0.0875 0.15625