6 0.840625 0.53203125 0.1140625 0.20625
8 0.16171875 0.60625 0.1734375 0.234375
8 0.36875 0.584375 0.1953125 0.234375
8 0.61015625 0.64375 0.121875 0.26328125
8 0.5484375 0.54765625 0.10625 0.22109375
8 0.58828125 0.41953125 0.15 0.19921875
8 0.75078125 0.4125 0.14609375 0.2125
8 0.290625 0.46328125 0.19765625 0.140625
8 0.365625 0.45625 0.1796875 0.10859375
10 0.4171875 0.5515625 0.0234375 0.028125
13 0.2171875 0.18359375 0.2265625 0.08828125
5 0.94375 0.5578125 0.1125 0.21953125
3 0.81328125 0.9265625 0.3703125 0.146875
3 0.18203125 0.52421875 0.34375 0.08671875